141	5
0.892139	786.56	1
55693.3	-14.3402	0.015789	-0.00981746	-0.0319076	0.000254885	
-14.3402	0.453288	-9.39332e-05	-1.92708e-06	-3.27929e-05	-2.70541e-05	
0.015789	-9.39332e-05	6.99056e-07	3.52793e-10	1.65166e-08	2.46112e-10	
-0.00981746	-1.92708e-06	3.52793e-10	5.2906e-09	3.6308e-10	-5.85855e-11	
-0.0319076	-3.27929e-05	1.65166e-08	3.6308e-10	3.55465e-08	-4.18904e-09	
0.000254885	-2.70541e-05	2.46112e-10	-5.85855e-11	-4.18904e-09	3.65967e-09	
