141	5
41147.6	11.808	-0.106524	-0.0194204	-0.0350285	-0.000344346	
11.808	0.108472	-0.000299381	-7.37315e-06	-1.04602e-05	-5.90247e-06	
-0.106524	-0.000299381	1.84517e-06	2.97038e-08	6.86234e-08	1.79896e-09	
-0.0194204	-7.37315e-06	2.97038e-08	1.12794e-08	3.70963e-09	-9.45256e-10	
-0.0350285	-1.04602e-05	6.86234e-08	3.70963e-09	9.85172e-09	-1.36329e-09	
-0.000344346	-5.90247e-06	1.79896e-09	-9.45256e-10	-1.36329e-09	9.09518e-10	
