ux = -46.79999923706055
lx = -177.1999969482422
ly = 6.0
uy = 76.5
cellX = 0.5
cellY = -0.5
