setup_data/66100_caitjcampbell_Annual_NoAm_Map_H_1980_2010/66100_caitjcampbell_Annual_NoAm_Map_H_1980_2010/predkrig.asc
ncols 260
nrows 141
xllcorner -177.1999969482422
yllcorner 6.0
cellsize 0.5
NODATA_value -9999
[rows 0 to 28 of 141, columns 195 to 259 of 260]
-196.468 -196.772 -197.08 -9999.0 -9999.0 -9999.0 -9999.0 -9999.0 -9999.0 -9999.0 -9999.0 -9999.0 -9999.0 -9999.0 -9999.0 -9999.0 -9999.0 -9999.0 -9999.0 -9999.0 -200.469 -200.575 -204.996 -205.992 -203.825 -200.862 -203.657 -200.988 -203.274 -202.869 -201.121 -205.81 -201.203 -201.247 -201.27 -201.299 -201.435 -206.785 -207.456 -208.689 -209.709 -211.375 -212.973 -214.329 -215.156 -216.267 -216.965 -217.96 -219.136 -220.095 -220.874 -221.57 -222.182 -222.758 -223.267 -223.914 -224.333 -224.707 -225.065 -225.436 -225.739 -226.103 -226.433 -226.728 -227.004
-9999.0 -195.527 -9999.0 -9999.0 -9999.0 -9999.0 -9999.0 -9999.0 -9999.0 -9999.0 -9999.0 -9999.0 -9999.0 -9999.0 -9999.0 -9999.0 -9999.0 -9999.0 -9999.0 -9999.0 -9999.0 -9999.0 -9999.0 -9999.0 -9999.0 -199.416 -199.477 -9999.0 -9999.0 -9999.0 -9999.0 -9999.0 -9999.0 -9999.0 -9999.0 -9999.0 -9999.0 -9999.0 -9999.0 -199.633 -199.65 -199.801 -199.604 -204.922 -208.153 -210.378 -212.165 -213.492 -214.964 -216.165 -216.923 -217.888 -218.831 -219.642 -220.292 -220.878 -221.37 -222.007 -222.444 -222.861 -223.38 -223.826 -224.185 -224.519 -224.835
-194.05 -9999.0 -9999.0 -9999.0 -9999.0 -9999.0 -9999.0 -9999.0 -9999.0 -9999.0 -9999.0 -9999.0 -9999.0 -9999.0 -9999.0 -9999.0 -9999.0 -9999.0 -9999.0 -9999.0 -9999.0 -9999.0 -9999.0 -9999.0 -9999.0 -9999.0 -9999.0 -9999.0 -9999.0 -9999.0 -9999.0 -9999.0 -9999.0 -9999.0 -9999.0 -9999.0 -9999.0 -9999.0 -9999.0 -9999.0 -9999.0 -9999.0 -9999.0 -198.59 -202.547 -205.002 -206.886 -208.686 -210.304 -211.692 -212.956 -214.211 -215.243 -216.141 -217.066 -217.723 -218.471 -219.093 -219.718 -220.39 -220.867 -221.449 -221.812 -222.143 -222.508
-193.005 -9999.0 -9999.0 -9999.0 -9999.0 -9999.0 -9999.0 -9999.0 -9999.0 -9999.0 -9999.0 -9999.0 -9999.0 -9999.0 -9999.0 -9999.0 -9999.0 -9999.0 -9999.0 -9999.0 -9999.0 -9999.0 -9999.0 -9999.0 -9999.0 -9999.0 -9999.0 -9999.0 -9999.0 -9999.0 -9999.0 -9999.0 -9999.0 -9999.0 -9999.0 -9999.0 -9999.0 -9999.0 -9999.0 -9999.0 -9999.0 -9999.0 -9999.0 -9999.0 -195.961 -196.64 -199.329 -203.055 -204.893 -207.241 -208.836 -210.153 -211.578 -212.843 -213.854 -214.81 -215.722 -216.46 -217.18 -217.81 -218.307 -218.846 -219.233 -219.667 -220.054
-9999.0 -9999.0 -9999.0 -9999.0 -9999.0 -9999.0 -9999.0 -9999.0 -9999.0 -9999.0 -9999.0 -9999.0 -9999.0 -9999.0 -9999.0 -9999.0 -9999.0 -9999.0 -9999.0 -9999.0 -9999.0 -9999.0 -9999.0 -9999.0 -9999.0 -9999.0 -9999.0 -9999.0 -9999.0 -9999.0 -9999.0 -9999.0 -9999.0 -9999.0 -9999.0 -9999.0 -9999.0 -9999.0 -9999.0 -9999.0 -9999.0 -9999.0 -9999.0 -9999.0 -9999.0 -194.036 -196.084 -197.462 -201.639 -204.255 -206.229 -207.811 -209.002 -210.149 -211.197 -212.198 -213.175 -213.86 -214.641 -215.236 -215.845 -216.409 -216.937 -217.405 -217.753
-190.974 -191.305 -191.582 -191.837 -192.125 -9999.0 -9999.0 -9999.0 -9999.0 -9999.0 -9999.0 -9999.0 -9999.0 -9999.0 -9999.0 -9999.0 -9999.0 -9999.0 -9999.0 -9999.0 -9999.0 -9999.0 -9999.0 -9999.0 -9999.0 -9999.0 -9999.0 -9999.0 -9999.0 -9999.0 -9999.0 -9999.0 -9999.0 -9999.0 -9999.0 -9999.0 -9999.0 -9999.0 -9999.0 -9999.0 -9999.0 -9999.0 -9999.0 -9999.0 -9999.0 -9999.0 -192.031 -192.109 -193.794 -200.66 -202.372 -203.999 -205.522 -206.94 -208.161 -209.146 -210.202 -211.348 -212.127 -212.872 -213.427 -214.077 -214.603 -215.14 -215.628
-196.853 -202.827 -202.21 -199.981 -196.83 -194.298 -191.474 -191.635 -9999.0 -9999.0 -9999.0 -9999.0 -9999.0 -9999.0 -9999.0 -9999.0 -9999.0 -9999.0 -9999.0 -9999.0 -9999.0 -9999.0 -9999.0 -9999.0 -9999.0 -9999.0 -9999.0 -9999.0 -9999.0 -9999.0 -9999.0 -9999.0 -9999.0 -9999.0 -9999.0 -9999.0 -9999.0 -9999.0 -9999.0 -9999.0 -9999.0 -9999.0 -9999.0 -9999.0 -9999.0 -9999.0 -9999.0 -189.957 -189.886 -194.175 -197.41 -200.166 -201.357 -203.142 -204.763 -206.203 -207.321 -208.386 -209.384 -210.358 -211.064 -211.734 -212.374 -212.982 -213.378
-188.826 -189.115 -189.399 -189.636 -195.009 -198.738 -190.115 -190.277 -9999.0 -9999.0 -9999.0 -9999.0 -9999.0 -9999.0 -9999.0 -9999.0 -9999.0 -9999.0 -9999.0 -9999.0 -9999.0 -9999.0 -9999.0 -9999.0 -9999.0 -9999.0 -9999.0 -9999.0 -9999.0 -9999.0 -9999.0 -9999.0 -9999.0 -9999.0 -9999.0 -9999.0 -9999.0 -9999.0 -9999.0 -9999.0 -9999.0 -9999.0 -9999.0 -9999.0 -9999.0 -9999.0 -9999.0 -187.888 -187.781 -187.687 -190.25 -193.486 -197.878 -200.09 -202.107 -203.743 -205.023 -206.134 -207.193 -207.933 -208.899 -209.564 -210.235 -210.933 -211.548
-187.279 -187.588 -188.847 -193.109 -193.434 -199.828 -197.267 -198.98 -194.588 -188.729 -188.797 -9999.0 -9999.0 -9999.0 -9999.0 -9999.0 -9999.0 -9999.0 -9999.0 -9999.0 -9999.0 -9999.0 -9999.0 -9999.0 -9999.0 -9999.0 -9999.0 -9999.0 -9999.0 -9999.0 -9999.0 -9999.0 -9999.0 -9999.0 -9999.0 -9999.0 -9999.0 -9999.0 -9999.0 -9999.0 -9999.0 -9999.0 -9999.0 -9999.0 -9999.0 -9999.0 -9999.0 -9999.0 -185.713 -188.296 -186.153 -196.385 -198.444 -200.394 -194.82 -204.621 -202.978 -203.353 -204.933 -205.365 -205.701 -206.219 -206.857 -207.431 -208.007
-190.978 -190.846 -193.252 -189.235 -192.088 -192.385 -191.61 -194.934 -193.312 -197.197 -186.787 -189.667 -186.822 -9999.0 -186.755 -186.709 -9999.0 -9999.0 -9999.0 -9999.0 -9999.0 -9999.0 -9999.0 -9999.0 -9999.0 -9999.0 -9999.0 -9999.0 -9999.0 -9999.0 -9999.0 -9999.0 -9999.0 -9999.0 -9999.0 -9999.0 -9999.0 -9999.0 -9999.0 -9999.0 -9999.0 -9999.0 -9999.0 -9999.0 -9999.0 -9999.0 -9999.0 -9999.0 -185.551 -186.717 -189.771 -184.656 -183.162 -190.02 -185.456 -195.282 -196.6 -197.134 -196.459 -197.878 -199.79 -201.778 -203.075 -203.97 -204.681
-184.803 -185.103 -187.056 -188.022 -189.474 -188.411 -189.708 -187.334 -192.876 -184.523 -188.254 -194.605 -194.258 -185.601 -188.045 -196.3 -190.305 -184.502 -9999.0 -9999.0 -9999.0 -9999.0 -9999.0 -9999.0 -9999.0 -9999.0 -9999.0 -9999.0 -9999.0 -9999.0 -9999.0 -9999.0 -9999.0 -9999.0 -9999.0 -9999.0 -9999.0 -9999.0 -9999.0 -9999.0 -9999.0 -9999.0 -9999.0 -9999.0 -9999.0 -9999.0 -9999.0 -9999.0 -9999.0 -181.319 -181.203 -181.112 -180.988 -180.968 -185.472 -186.072 -190.193 -190.908 -194.591 -195.709 -197.149 -198.444 -199.216 -200.306 -201.056
-181.064 -181.182 -184.32 -183.682 -184.773 -184.998 -187.64 -187.822 -187.967 -187.834 -187.336 -188.115 -189.38 -189.706 -190.651 -191.352 -183.398 -191.334 -185.999 -182.116 -183.589 -181.986 -181.9 -9999.0 -9999.0 -9999.0 -9999.0 -9999.0 -9999.0 -9999.0 -9999.0 -9999.0 -9999.0 -9999.0 -9999.0 -9999.0 -9999.0 -9999.0 -9999.0 -9999.0 -9999.0 -9999.0 -9999.0 -9999.0 -9999.0 -9999.0 -9999.0 -9999.0 -9999.0 -9999.0 -182.191 -183.274 -187.395 -193.236 -178.554 -178.488 -178.416 -185.047 -185.376 -189.759 -192.467 -193.901 -195.434 -196.642 -197.53
-178.882 -178.745 -178.913 -179.079 -181.042 -182.35 -181.707 -182.593 -182.08 -182.692 -187.764 -190.502 -188.021 -185.653 -185.186 -181.483 -187.299 -187.44 -191.738 -185.599 -179.672 -179.622 -179.585 -180.859 -179.469 -9999.0 -9999.0 -9999.0 -9999.0 -9999.0 -9999.0 -9999.0 -9999.0 -9999.0 -9999.0 -9999.0 -9999.0 -9999.0 -9999.0 -9999.0 -9999.0 -9999.0 -9999.0 -9999.0 -9999.0 -9999.0 -9999.0 -9999.0 -9999.0 -9999.0 -182.718 -180.825 -181.561 -176.359 -185.922 -184.553 -180.552 -182.415 -180.179 -183.414 -187.198 -190.142 -191.822 -192.983 -194.05
-176.101 -176.271 -176.436 -176.6 -176.743 -176.874 -179.192 -178.704 -178.718 -179.642 -179.059 -180.985 -184.04 -183.689 -186.372 -185.169 -183.407 -180.268 -187.787 -184.434 -189.416 -186.43 -182.705 -177.076 -177.092 -177.056 -9999.0 -9999.0 -9999.0 -9999.0 -9999.0 -9999.0 -9999.0 -9999.0 -9999.0 -9999.0 -9999.0 -9999.0 -9999.0 -9999.0 -9999.0 -9999.0 -9999.0 -9999.0 -9999.0 -9999.0 -9999.0 -9999.0 -9999.0 -9999.0 -175.221 -181.083 -182.671 -186.275 -178.371 -174.028 -174.047 -173.893 -177.534 -181.016 -184.174 -186.368 -188.1 -189.595 -190.728
-9999.0 -173.823 -173.976 -174.123 -9999.0 -174.387 -174.504 -174.609 -175.451 -176.148 -175.036 -177.152 -178.125 -178.186 -178.638 -179.347 -179.48 -179.584 -181.945 -183.962 -176.507 -175.807 -174.72 -174.675 -175.897 -175.419 -174.64 -9999.0 -9999.0 -9999.0 -9999.0 -9999.0 -9999.0 -9999.0 -9999.0 -9999.0 -9999.0 -9999.0 -9999.0 -9999.0 -9999.0 -9999.0 -9999.0 -9999.0 -9999.0 -9999.0 -9999.0 -9999.0 -9999.0 -9999.0 -9999.0 -172.153 -172.043 -171.957 -171.887 -171.838 -9999.0 -173.753 -171.366 -171.945 -176.884 -180.163 -182.852 -184.957 -186.595
-9999.0 -171.421 -171.555 -9999.0 -9999.0 -9999.0 -172.049 -172.151 -172.232 -172.333 -172.414 -172.51 -172.938 -174.067 -174.773 -175.393 -174.374 -176.051 -175.539 -178.242 -175.198 -172.611 -174.071 -172.388 -9999.0 -9999.0 -9999.0 -9999.0 -9999.0 -9999.0 -9999.0 -9999.0 -9999.0 -9999.0 -9999.0 -9999.0 -9999.0 -9999.0 -9999.0 -9999.0 -9999.0 -9999.0 -9999.0 -9999.0 -9999.0 -9999.0 -9999.0 -9999.0 -9999.0 -9999.0 -9999.0 -9999.0 -9999.0 -169.721 -169.642 -169.553 -169.481 -169.396 -172.422 -176.055 -178.775 -180.601 -181.825 -183.438 -184.323
-9999.0 -169.097 -169.206 -9999.0 -9999.0 -9999.0 -169.655 -169.783 -169.829 -169.89 -169.933 -170.012 -170.035 -170.132 -170.721 -173.166 -173.022 -172.987 -175.051 -173.196 -173.931 -175.208 -174.88 -175.528 -180.527 -177.854 -169.85 -9999.0 -9999.0 -9999.0 -9999.0 -9999.0 -9999.0 -9999.0 -9999.0 -9999.0 -9999.0 -9999.0 -9999.0 -9999.0 -9999.0 -9999.0 -9999.0 -9999.0 -9999.0 -9999.0 -9999.0 -9999.0 -9999.0 -9999.0 -9999.0 -9999.0 -9999.0 -167.414 -167.634 -167.266 -167.213 -169.597 -168.829 -174.184 -177.392 -178.867 -180.306 -181.551 -182.493
-9999.0 -9999.0 -9999.0 -9999.0 -9999.0 -167.439 -167.943 -167.784 -167.82 -167.481 -167.521 -167.592 -167.633 -9999.0 -168.202 -168.851 -168.915 -169.303 -169.904 -170.711 -171.13 -170.936 -172.9 -172.666 -176.27 -177.902 -179.456 -167.308 -167.278 -173.235 -172.336 -167.074 -9999.0 -9999.0 -9999.0 -9999.0 -9999.0 -9999.0 -9999.0 -9999.0 -9999.0 -9999.0 -9999.0 -9999.0 -9999.0 -9999.0 -9999.0 -9999.0 -9999.0 -9999.0 -9999.0 -9999.0 -166.747 -165.101 -167.639 -164.963 -164.918 -166.411 -166.809 -168.463 -174.445 -176.63 -178.137 -179.404 -180.346
-9999.0 -9999.0 -9999.0 -9999.0 -9999.0 -164.883 -164.945 -165.008 -165.066 -165.108 -9999.0 -9999.0 -9999.0 -9999.0 -165.269 -165.516 -165.987 -166.025 -166.739 -168.164 -168.653 -168.422 -168.518 -170.611 -169.79 -175.059 -177.212 -181.175 -181.026 -176.601 -166.927 -164.715 -164.728 -164.553 -164.378 -9999.0 -9999.0 -9999.0 -9999.0 -9999.0 -9999.0 -9999.0 -9999.0 -9999.0 -9999.0 -9999.0 -9999.0 -9999.0 -9999.0 -9999.0 -9999.0 -9999.0 -163.365 -173.625 -172.697 -170.319 -168.014 -168.01 -163.759 -168.471 -172.141 -174.449 -175.881 -176.86 -178.124
-9999.0 -9999.0 -9999.0 -9999.0 -9999.0 -9999.0 -9999.0 -9999.0 -9999.0 -9999.0 -9999.0 -9999.0 -9999.0 -162.883 -163.045 -163.188 -163.318 -163.223 -163.195 -163.212 -163.71 -164.51 -164.602 -166.221 -164.256 -165.556 -168.843 -172.805 -180.768 -174.113 -166.252 -164.74 -167.485 -166.765 -171.242 -172.324 -162.167 -161.573 -9999.0 -9999.0 -9999.0 -9999.0 -9999.0 -9999.0 -9999.0 -9999.0 -9999.0 -9999.0 -9999.0 -9999.0 -9999.0 -9999.0 -160.54 -160.462 -164.144 -163.218 -161.061 -165.002 -165.166 -162.666 -167.486 -171.245 -173.576 -175.303 -176.631
-9999.0 -9999.0 -9999.0 -9999.0 -9999.0 -9999.0 -9999.0 -9999.0 -9999.0 -9999.0 -9999.0 -160.563 -160.723 -161.106 -161.214 -161.463 -161.056 -160.872 -160.853 -160.834 -160.852 -160.77 -161.324 -160.906 -160.391 -160.36 -162.561 -165.928 -165.978 -168.825 -168.009 -172.536 -172.698 -168.78 -159.598 -159.471 -159.321 -9999.0 -9999.0 -9999.0 -9999.0 -9999.0 -9999.0 -9999.0 -9999.0 -9999.0 -9999.0 -9999.0 -9999.0 -9999.0 -9999.0 -9999.0 -160.852 -162.106 -173.027 -173.249 -170.759 -166.416 -165.912 -165.237 -169.192 -171.436 -172.333 -174.027 -175.479
-9999.0 -9999.0 -9999.0 -9999.0 -9999.0 -9999.0 -9999.0 -9999.0 -9999.0 -9999.0 -9999.0 -158.264 -158.382 -158.852 -159.408 -159.323 -158.655 -159.244 -159.748 -160.616 -160.694 -161.034 -160.316 -158.439 -158.047 -157.993 -9999.0 -9999.0 -157.748 -157.786 -160.395 -164.545 -160.816 -161.422 -157.27 -157.145 -9999.0 -9999.0 -9999.0 -9999.0 -9999.0 -9999.0 -9999.0 -9999.0 -9999.0 -9999.0 -9999.0 -9999.0 -9999.0 -9999.0 -9999.0 -9999.0 -9999.0 -160.537 -165.662 -160.184 -160.374 -160.287 -158.853 -164.497 -167.778 -169.727 -170.728 -172.557 -173.977
-9999.0 -9999.0 -9999.0 -9999.0 -155.997 -156.54 -156.675 -156.067 -156.023 -156.164 -156.093 -156.377 -156.649 -157.722 -157.375 -157.486 -157.075 -156.92 -157.642 -159.364 -159.43 -158.75 -159.091 -159.26 -156.597 -155.656 -155.612 -9999.0 -9999.0 -155.425 -155.356 -157.735 -158.052 -9999.0 -9999.0 -9999.0 -9999.0 -9999.0 -9999.0 -9999.0 -9999.0 -9999.0 -9999.0 -9999.0 -9999.0 -9999.0 -9999.0 -9999.0 -9999.0 -9999.0 -9999.0 -9999.0 -9999.0 -9999.0 -9999.0 -157.087 -156.546 -153.169 -158.746 -162.112 -166.068 -168.039 -169.802 -171.413 -172.971
-9999.0 -9999.0 -9999.0 -154.294 -155.863 -155.698 -155.03 -154.002 -153.93 -153.854 -153.826 -153.917 -155.197 -155.299 -155.201 -155.139 -154.821 -155.972 -154.759 -156.143 -156.85 -158.236 -157.047 -158.756 -158.965 -159.335 -157.198 -157.735 -153.182 -9999.0 -9999.0 -9999.0 -152.848 -9999.0 -9999.0 -9999.0 -9999.0 -9999.0 -9999.0 -9999.0 -9999.0 -9999.0 -9999.0 -9999.0 -9999.0 -9999.0 -9999.0 -9999.0 -9999.0 -9999.0 -9999.0 -9999.0 -9999.0 -9999.0 -9999.0 -151.821 -151.726 -153.366 -150.818 -156.694 -160.099 -165.243 -167.738 -170.134 -171.941
-9999.0 -9999.0 -9999.0 -9999.0 -151.723 -151.688 -151.652 -151.649 -151.645 -151.636 -151.627 -151.611 -151.594 -151.699 -153.118 -154.503 -154.443 -153.306 -153.474 -153.152 -153.138 -154.194 -156.508 -156.946 -157.212 -156.692 -157.089 -158.34 -154.464 -150.81 -9999.0 -9999.0 -9999.0 -9999.0 -9999.0 -9999.0 -9999.0 -9999.0 -9999.0 -9999.0 -9999.0 -9999.0 -9999.0 -9999.0 -9999.0 -9999.0 -9999.0 -9999.0 -9999.0 -9999.0 -9999.0 -9999.0 -9999.0 -9999.0 -9999.0 -148.981 -149.665 -148.534 -153.194 -152.415 -155.282 -162.697 -165.392 -167.703 -169.325
-9999.0 -9999.0 -9999.0 -9999.0 -149.629 -149.588 -149.55 -9999.0 -9999.0 -9999.0 -9999.0 -9999.0 -9999.0 -9999.0 -149.355 -149.335 -150.708 -152.333 -153.104 -154.96 -152.507 -150.672 -148.978 -149.51 -151.615 -154.899 -154.566 -156.653 -154.482 -150.712 -148.438 -9999.0 -9999.0 -9999.0 -9999.0 -9999.0 -9999.0 -9999.0 -9999.0 -9999.0 -9999.0 -9999.0 -9999.0 -9999.0 -9999.0 -9999.0 -9999.0 -9999.0 -9999.0 -9999.0 -9999.0 -9999.0 -9999.0 -9999.0 -9999.0 -9999.0 -146.631 -150.774 -153.155 -158.372 -156.839 -160.454 -163.846 -165.994 -167.552
-9999.0 -9999.0 -9999.0 -147.594 -147.541 -147.495 -147.463 -9999.0 -9999.0 -9999.0 -9999.0 -9999.0 -9999.0 -9999.0 -9999.0 -9999.0 -150.225 -148.598 -149.991 -150.036 -151.973 -153.658 -152.824 -146.694 -146.656 -146.654 -148.299 -151.015 -149.332 -146.858 -146.202 -9999.0 -9999.0 -9999.0 -9999.0 -9999.0 -9999.0 -9999.0 -9999.0 -9999.0 -9999.0 -9999.0 -9999.0 -9999.0 -9999.0 -9999.0 -9999.0 -9999.0 -9999.0 -9999.0 -9999.0 -9999.0 -9999.0 -9999.0 -9999.0 -9999.0 -9999.0 -145.369 -143.967 -148.368 -153.006 -159.966 -162.123 -164.0 -165.833
-9999.0 -9999.0 -9999.0 -145.547 -145.49 -9999.0 -9999.0 -9999.0 -9999.0 -9999.0 -9999.0 -145.182 -9999.0 -9999.0 -9999.0 -9999.0 -9999.0 -144.903 -144.863 -144.802 -144.734 -146.656 -149.856 -151.613 -150.854 -144.328 -144.291 -144.246 -144.152 -144.071 -143.985 -9999.0 -9999.0 -9999.0 -9999.0 -9999.0 -9999.0 -9999.0 -9999.0 -9999.0 -9999.0 -9999.0 -9999.0 -9999.0 -9999.0 -9999.0 -9999.0 -9999.0 -9999.0 -9999.0 -9999.0 -9999.0 -9999.0 -9999.0 -9999.0 -9999.0 -9999.0 -9999.0 -9999.0 -144.773 -151.531 -154.31 -158.64 -160.555 -163.053
-143.928 -143.63 -9999.0 -143.964 -145.455 -146.151 -146.315 -146.214 -146.067 -147.919 -144.325 -145.82 -146.138 -142.966 -142.911 -9999.0 -9999.0 -9999.0 -9999.0 -9999.0 -9999.0 -142.521 -142.446 -142.61 -144.043 -146.339 -148.412 -142.031 -9999.0 -9999.0 -141.784 -141.691 -9999.0 -9999.0 -9999.0 -9999.0 -9999.0 -9999.0 -9999.0 -9999.0 -9999.0 -9999.0 -9999.0 -9999.0 -9999.0 -9999.0 -9999.0 -9999.0 -9999.0 -9999.0 -9999.0 -9999.0 -9999.0 -9999.0 -9999.0 -9999.0 -9999.0 -9999.0 -9999.0 -139.701 -142.007 -144.875 -151.44 -153.995 -156.895
