setup_data/66100_caitjcampbell_Annual_NoAm_Map_H_1980_2010/66100_caitjcampbell_Annual_NoAm_Map_H_1980_2010/predreg.asc
ncols 260
nrows 141
xllcorner -177.1999969482422
yllcorner 6.0
cellsize 0.5
NODATA_value -9999
[rows 87 to 115 of 141, columns 130 to 194 of 260]
-41.3127 -41.4942 -54.242 -60.2825 -84.4794 -52.4084 -56.8465 -65.5904 -69.9886 -61.1786 -57.6981 -55.7641 -55.5867 -74.9493 -61.4037 -52.9002 -52.5481 -55.4715 -53.3726 -51.3864 -50.1332 -47.5396 -47.1014 -45.4397 -44.444 -45.4883 -42.9138 -43.3506 -41.2356 -40.6652 -39.3407 -39.7436 -40.9613 -41.201 -41.7446 -41.1085 -41.2683 -41.3013 -42.0782 -42.0462 -41.4859 -41.6157 -41.4664 -42.2739 -42.5726 -43.021 -44.311 -42.4494 -40.9478 -42.5429 -43.094 -43.3259 -43.8519 -44.6947 -43.5775 -43.426 -42.7416 -40.9157 -39.3251 -39.6371 -38.6634 -38.4001 -38.6674 -39.1617 -38.9696
-42.5609 -45.2209 -45.3688 -61.7716 -57.4361 -57.3463 -56.545 -57.3355 -56.852 -55.0013 -56.2905 -56.0527 -59.4178 -57.9391 -60.1553 -57.0426 -48.3309 -51.9475 -50.4435 -49.5471 -47.6199 -47.0651 -43.9488 -47.3053 -46.495 -44.0318 -43.7697 -42.9242 -41.0806 -39.7579 -39.5477 -38.3681 -39.0779 -39.5697 -40.3633 -40.4063 -41.0189 -40.1066 -41.1987 -41.2698 -40.6219 -40.8606 -40.5129 -41.4146 -42.5372 -42.7725 -42.4817 -42.3987 -40.3115 -41.1202 -41.176 -40.4518 -40.8957 -41.235 -40.243 -41.7439 -40.4138 -38.9126 -38.6696 -38.7255 -37.6382 -37.4254 -37.7253 -37.74 -37.5682
-44.4729 -50.5888 -52.7752 -59.8694 -58.8111 -60.6897 -65.4027 -55.4806 -56.4506 -52.5184 -53.0523 -51.1015 -58.0807 -55.5438 -50.992 -55.2214 -48.4275 -46.2251 -46.0103 -47.7808 -46.1851 -46.1989 -45.5701 -44.951 -41.1239 -41.9091 -40.6293 -42.1544 -39.885 -38.366 -37.1531 -37.6375 -37.8492 -39.1779 -38.1768 -39.3645 -39.9003 -40.6005 -39.6505 -40.265 -40.5597 -40.2163 -41.311 -41.2787 -42.0432 -41.9023 -40.4771 -40.9338 -40.2561 -40.7591 -41.865 -41.4665 -41.2974 -40.9105 -40.5429 -39.5072 -39.1181 -38.9 -38.4274 -37.622 -37.0236 -36.3922 -36.3729 -9999.0 -9999.0
-45.6559 -50.5392 -54.7324 -60.7278 -61.8318 -55.7414 -60.03 -56.6782 -53.3203 -50.9966 -50.487 -53.1168 -56.1345 -54.997 -62.2153 -59.8222 -48.694 -44.6272 -43.7437 -42.4193 -43.5014 -44.8004 -44.313 -42.3539 -42.8427 -42.0568 -39.7444 -39.7137 -38.1725 -36.2624 -35.5939 -36.0732 -36.8658 -37.1618 -37.5365 -38.3907 -38.843 -39.3483 -39.4551 -39.0273 -39.4768 -39.5905 -42.0776 -41.3585 -40.8846 -41.0197 -39.1004 -40.2984 -39.4964 -41.1606 -40.9361 -40.6419 -40.0521 -39.6461 -38.5281 -37.8908 -39.0887 -38.0873 -37.4171 -36.7868 -36.1312 -35.8523 -35.8302 -9999.0 -9999.0
-34.1895 -42.5711 -46.0926 -62.5061 -51.3586 -52.6105 -53.7825 -58.6677 -54.5205 -53.674 -49.6619 -49.8701 -53.0357 -59.1875 -49.8414 -54.3205 -64.3445 -49.9949 -47.8723 -47.5807 -43.2145 -41.4255 -41.9444 -42.4113 -42.8745 -39.4485 -37.3039 -35.9816 -37.5941 -34.9558 -34.4508 -34.5756 -35.5128 -36.543 -36.3348 -38.0172 -38.0445 -38.3611 -37.9625 -38.1662 -38.093 -38.305 -39.0954 -39.2918 -39.2028 -38.9899 -38.7878 -38.9092 -38.7756 -39.4116 -39.4166 -39.6474 -39.0996 -38.4991 -38.216 -38.2014 -37.8584 -36.7282 -36.4444 -36.0611 -35.7664 -35.0884 -34.9537 -9999.0 -9999.0
-36.1464 -41.9828 -43.1352 -51.9577 -50.9999 -52.0825 -49.2755 -71.9742 -59.1794 -53.9983 -53.2596 -52.2325 -53.8058 -52.4464 -49.6084 -55.2905 -54.4269 -57.7338 -52.3827 -47.1385 -39.3653 -38.174 -37.9255 -40.9457 -39.9508 -41.3172 -38.9866 -40.2232 -37.294 -32.8813 -33.431 -34.0401 -34.5341 -34.2977 -35.1488 -36.4373 -36.441 -36.2389 -36.0025 -36.5531 -36.4979 -37.0717 -36.837 -36.6157 -36.7113 -36.8056 -37.0676 -36.8187 -36.6844 -36.5044 -36.3257 -36.1365 -35.9988 -37.3169 -36.878 -37.1753 -36.9357 -36.2124 -35.7534 -35.795 -35.0471 -34.5674 -33.9803 -9999.0 -9999.0
-32.5512 -36.8228 -35.1771 -40.5689 -51.6892 -47.4804 -44.5067 -72.7915 -68.3498 -60.232 -77.1132 -60.5016 -53.4325 -54.1372 -47.8793 -41.9737 -46.5179 -48.8486 -40.7173 -42.542 -37.0629 -35.2709 -34.966 -37.6321 -36.6912 -38.8474 -34.9698 -36.2478 -33.159 -32.3941 -32.0387 -32.2669 -32.0923 -32.4016 -32.6632 -33.6096 -34.235 -34.3963 -34.3781 -34.7093 -35.0798 -35.7423 -36.0823 -36.3348 -35.6229 -35.5403 -35.3785 -9999.0 -9999.0 -9999.0 -9999.0 -9999.0 -9999.0 -9999.0 -35.2395 -35.2376 -33.9612 -33.9004 -34.5124 -34.8932 -34.3222 -33.5881 -33.1678 -9999.0 -9999.0
-25.698 -26.9867 -33.1791 -33.6327 -42.1693 -43.7809 -51.0343 -67.5741 -74.4443 -64.3194 -62.0542 -68.6273 -47.5171 -50.9711 -44.4376 -46.3865 -55.181 -40.2263 -39.0123 -45.8676 -51.114 -35.4579 -31.6483 -31.4116 -31.413 -30.2881 -30.9027 -30.3487 -30.5926 -29.9676 -30.0675 -30.0645 -30.5056 -30.6849 -30.5784 -30.842 -9999.0 -9999.0 -9999.0 -9999.0 -9999.0 -9999.0 -33.4245 -33.7975 -34.2913 -33.5993 -33.7755 -9999.0 -9999.0 -9999.0 -9999.0 -9999.0 -9999.0 -9999.0 -9999.0 -9999.0 -9999.0 -9999.0 -32.9203 -33.5027 -32.8878 -32.4309 -32.3274 -31.8725 -9999.0
-22.8789 -23.504 -27.1466 -32.9014 -34.7598 -40.7527 -52.9131 -55.4727 -61.6869 -66.4863 -63.2299 -72.2843 -50.2466 -44.1443 -47.2351 -48.4971 -50.9759 -42.6778 -41.5172 -49.802 -46.3178 -38.7582 -30.6444 -29.087 -27.9625 -28.5529 -28.0638 -27.4026 -28.7785 -28.5723 -27.9145 -28.4549 -28.7819 -28.9019 -28.9499 -9999.0 -9999.0 -9999.0 -9999.0 -9999.0 -9999.0 -9999.0 -9999.0 -9999.0 -9999.0 -9999.0 -9999.0 -9999.0 -9999.0 -9999.0 -9999.0 -9999.0 -9999.0 -9999.0 -9999.0 -9999.0 -9999.0 -9999.0 -9999.0 -32.1214 -32.3328 -31.5901 -31.3045 -31.7084 -9999.0
-9999.0 -22.1386 -24.3296 -27.5423 -27.6261 -30.0479 -50.4847 -52.8984 -75.127 -67.8097 -65.4211 -55.7302 -52.8841 -44.8889 -46.4447 -50.9339 -47.6003 -54.4765 -45.9961 -48.1012 -47.0663 -32.1112 -32.5141 -28.1688 -27.7544 -27.5243 -26.168 -26.5682 -25.6818 -26.0151 -26.2368 -26.7935 -26.8424 -9999.0 -9999.0 -9999.0 -9999.0 -9999.0 -9999.0 -9999.0 -9999.0 -9999.0 -9999.0 -9999.0 -9999.0 -9999.0 -9999.0 -9999.0 -9999.0 -9999.0 -9999.0 -9999.0 -9999.0 -9999.0 -9999.0 -9999.0 -9999.0 -9999.0 -9999.0 -31.0301 -31.2668 -30.418 -30.2321 -30.5114 -9999.0
-20.9999 -9999.0 -21.6422 -22.2072 -23.6974 -35.7136 -36.1573 -55.076 -61.7443 -69.0872 -68.0533 -65.1015 -53.9095 -47.893 -50.0633 -49.6087 -51.7269 -44.4273 -41.4327 -44.2423 -45.3199 -36.8778 -27.8014 -27.0586 -25.7929 -26.212 -25.6042 -26.392 -24.4869 -24.4184 -24.7638 -9999.0 -9999.0 -9999.0 -9999.0 -9999.0 -9999.0 -9999.0 -9999.0 -9999.0 -9999.0 -9999.0 -9999.0 -9999.0 -9999.0 -9999.0 -9999.0 -9999.0 -9999.0 -9999.0 -9999.0 -9999.0 -9999.0 -9999.0 -9999.0 -9999.0 -9999.0 -9999.0 -9999.0 -29.3122 -29.1221 -29.37 -29.5709 -29.6049 -29.1525
-19.4034 -9999.0 -9999.0 -20.9585 -20.8071 -22.908 -29.7233 -32.732 -57.0129 -66.5512 -68.7499 -56.7092 -52.0396 -50.2919 -47.5648 -48.8064 -47.1794 -41.687 -42.3614 -46.4174 -47.0047 -28.5519 -29.9401 -25.1869 -24.3977 -23.1637 -25.1401 -23.9893 -22.9201 -22.8819 -23.4455 -9999.0 -9999.0 -9999.0 -9999.0 -9999.0 -9999.0 -9999.0 -9999.0 -9999.0 -9999.0 -9999.0 -9999.0 -9999.0 -9999.0 -9999.0 -9999.0 -9999.0 -9999.0 -9999.0 -9999.0 -9999.0 -9999.0 -9999.0 -9999.0 -9999.0 -9999.0 -9999.0 -9999.0 -28.0946 -28.0906 -28.8894 -28.623 -28.7814 -29.1179
-25.7401 -18.6569 -9999.0 -9999.0 -9999.0 -19.7472 -25.8459 -27.7496 -62.9338 -37.1433 -69.5655 -66.581 -61.7091 -55.1525 -53.0152 -47.9585 -40.9642 -41.713 -44.9031 -37.4873 -33.4429 -34.9442 -37.3258 -27.7679 -24.1263 -22.189 -22.6566 -22.3457 -21.1877 -21.442 -22.3736 -9999.0 -9999.0 -9999.0 -9999.0 -9999.0 -9999.0 -9999.0 -9999.0 -9999.0 -9999.0 -9999.0 -9999.0 -9999.0 -9999.0 -9999.0 -9999.0 -9999.0 -9999.0 -9999.0 -9999.0 -9999.0 -9999.0 -9999.0 -9999.0 -9999.0 -9999.0 -9999.0 -9999.0 -9999.0 -26.7746 -28.0187 -28.0253 -27.8452 -29.454
-25.6939 -18.8987 -18.2424 -9999.0 -9999.0 -9999.0 -19.6923 -29.0679 -40.8253 -62.5166 -61.4695 -77.0137 -76.2326 -59.6275 -54.0373 -47.642 -41.1494 -38.967 -50.1108 -45.177 -53.5945 -45.4295 -38.2493 -32.0209 -39.9532 -22.682 -20.7851 -20.0284 -19.6887 -20.5192 -21.3606 -9999.0 -9999.0 -9999.0 -9999.0 -9999.0 -9999.0 -9999.0 -9999.0 -9999.0 -9999.0 -9999.0 -9999.0 -9999.0 -9999.0 -9999.0 -9999.0 -9999.0 -9999.0 -9999.0 -9999.0 -9999.0 -9999.0 -9999.0 -9999.0 -9999.0 -9999.0 -9999.0 -9999.0 -9999.0 -25.3848 -26.851 -27.2734 -27.8945 -29.2704
-17.1363 -26.339 -17.3711 -17.807 -9999.0 -9999.0 -17.7581 -19.6694 -32.3837 -51.3945 -55.6672 -63.0454 -67.2291 -59.1758 -53.5854 -54.8444 -61.9585 -38.6166 -37.78 -37.6765 -39.2861 -43.5988 -38.9979 -35.7862 -25.8648 -23.603 -21.7143 -20.598 -19.0172 -19.7306 -20.1464 -9999.0 -9999.0 -9999.0 -9999.0 -9999.0 -9999.0 -9999.0 -9999.0 -9999.0 -9999.0 -9999.0 -9999.0 -9999.0 -9999.0 -9999.0 -9999.0 -9999.0 -9999.0 -9999.0 -9999.0 -9999.0 -9999.0 -9999.0 -9999.0 -9999.0 -9999.0 -9999.0 -9999.0 -9999.0 -9999.0 -24.1928 -25.7553 -27.1912 -27.6431
-15.9516 -18.2461 -19.1896 -16.832 -9999.0 -9999.0 -18.6431 -19.5823 -20.2278 -25.804 -42.0065 -62.0442 -69.0601 -54.4454 -55.2617 -53.7596 -42.2963 -42.1289 -43.0084 -39.2169 -47.062 -66.9659 -61.1259 -69.5862 -26.7109 -25.529 -22.1434 -22.8828 -18.5978 -18.8976 -19.9482 -9999.0 -9999.0 -9999.0 -9999.0 -9999.0 -9999.0 -9999.0 -9999.0 -9999.0 -9999.0 -9999.0 -9999.0 -9999.0 -9999.0 -9999.0 -9999.0 -9999.0 -9999.0 -9999.0 -9999.0 -9999.0 -9999.0 -9999.0 -9999.0 -9999.0 -9999.0 -9999.0 -9999.0 -9999.0 -9999.0 -9999.0 -23.3371 -25.3575 -23.9549
-14.6928 -15.5607 -19.527 -16.0609 -16.268 -9999.0 -9999.0 -9999.0 -19.2899 -18.4632 -25.4165 -33.0386 -71.6378 -68.0724 -61.7028 -52.3118 -51.8389 -55.6811 -45.3831 -46.0104 -47.2671 -52.517 -49.5381 -54.5574 -51.3784 -23.8933 -31.9866 -21.3042 -18.3325 -18.2307 -9999.0 -9999.0 -9999.0 -9999.0 -9999.0 -9999.0 -9999.0 -9999.0 -9999.0 -9999.0 -9999.0 -9999.0 -9999.0 -9999.0 -9999.0 -9999.0 -9999.0 -9999.0 -9999.0 -9999.0 -9999.0 -9999.0 -9999.0 -9999.0 -9999.0 -9999.0 -9999.0 -9999.0 -9999.0 -9999.0 -9999.0 -21.6287 -22.0537 -9999.0 -9999.0
-9999.0 -13.9615 -17.3573 -14.5114 -14.9414 -16.1133 -9999.0 -9999.0 -9999.0 -18.8451 -21.1817 -41.8146 -69.7573 -67.0563 -66.9624 -52.935 -59.8188 -58.7558 -51.3572 -49.7202 -49.5624 -52.7256 -50.1992 -48.6174 -61.3491 -23.6444 -21.6767 -19.0456 -17.7243 -17.6106 -9999.0 -9999.0 -9999.0 -9999.0 -9999.0 -9999.0 -9999.0 -9999.0 -9999.0 -9999.0 -9999.0 -9999.0 -9999.0 -9999.0 -9999.0 -9999.0 -9999.0 -9999.0 -9999.0 -9999.0 -9999.0 -9999.0 -9999.0 -9999.0 -9999.0 -9999.0 -9999.0 -9999.0 -9999.0 -9999.0 -9999.0 -9999.0 -9999.0 -9999.0 -9999.0
-9999.0 -9999.0 -9999.0 -14.9433 -32.428 -14.9648 -9999.0 -9999.0 -9999.0 -9999.0 -9999.0 -23.0873 -31.8749 -72.029 -65.7158 -58.3859 -53.4397 -59.9282 -54.568 -51.5519 -53.7112 -60.362 -49.8842 -47.5374 -43.4295 -36.4605 -20.305 -23.0959 -18.9237 -17.4198 -9999.0 -9999.0 -9999.0 -9999.0 -9999.0 -9999.0 -9999.0 -9999.0 -9999.0 -9999.0 -9999.0 -9999.0 -9999.0 -9999.0 -9999.0 -9999.0 -9999.0 -9999.0 -9999.0 -9999.0 -9999.0 -9999.0 -9999.0 -9999.0 -9999.0 -9999.0 -9999.0 -9999.0 -9999.0 -9999.0 -9999.0 -9999.0 -9999.0 -9999.0 -9999.0
-9999.0 -9999.0 -9999.0 -9999.0 -30.9187 -16.8355 -15.703 -9999.0 -9999.0 -9999.0 -9999.0 -18.9821 -21.4142 -51.4783 -72.166 -46.3736 -65.3346 -64.4217 -56.1732 -53.4429 -52.7059 -56.4917 -52.6929 -42.9937 -50.0558 -41.4924 -19.4102 -33.9908 -16.3705 -17.3785 -9999.0 -9999.0 -9999.0 -9999.0 -9999.0 -9999.0 -9999.0 -9999.0 -9999.0 -9999.0 -9999.0 -9999.0 -9999.0 -9999.0 -9999.0 -9999.0 -9999.0 -9999.0 -9999.0 -9999.0 -9999.0 -9999.0 -9999.0 -9999.0 -9999.0 -9999.0 -9999.0 -9999.0 -9999.0 -9999.0 -20.0281 -20.0413 -20.1609 -20.302 -9999.0
-9999.0 -9999.0 -9999.0 -9999.0 -13.4439 -14.1004 -9999.0 -9999.0 -9999.0 -9999.0 -9999.0 -9999.0 -9999.0 -21.2298 -37.3277 -46.6701 -44.3368 -57.1984 -53.3389 -56.5979 -53.637 -51.9717 -44.4202 -48.5056 -33.0039 -30.5995 -21.0716 -17.7516 -16.6113 -17.8571 -9999.0 -9999.0 -9999.0 -9999.0 -9999.0 -9999.0 -9999.0 -9999.0 -9999.0 -9999.0 -9999.0 -9999.0 -9999.0 -9999.0 -9999.0 -9999.0 -9999.0 -9999.0 -9999.0 -9999.0 -9999.0 -9999.0 -9999.0 -9999.0 -9999.0 -9999.0 -19.8177 -28.3773 -22.2039 -21.0408 -20.8854 -21.6753 -21.3005 -22.6781 -21.3842
-9999.0 -9999.0 -9999.0 -9999.0 -9999.0 -9999.0 -9999.0 -9999.0 -9999.0 -9999.0 -9999.0 -9999.0 -9999.0 -19.4374 -32.4499 -45.0855 -59.4675 -52.5842 -52.23 -56.4941 -54.3393 -58.2005 -48.1169 -38.5402 -32.2658 -43.7175 -26.2577 -21.1529 -17.8451 -18.6883 -9999.0 -9999.0 -9999.0 -9999.0 -9999.0 -9999.0 -9999.0 -9999.0 -9999.0 -9999.0 -9999.0 -9999.0 -9999.0 -9999.0 -9999.0 -9999.0 -9999.0 -9999.0 -9999.0 -9999.0 -9999.0 -9999.0 -9999.0 -9999.0 -9999.0 -9999.0 -22.0415 -20.7386 -18.626 -9999.0 -18.3945 -18.6996 -18.6761 -20.2302 -23.2115
-9999.0 -9999.0 -9999.0 -9999.0 -9999.0 -9999.0 -9999.0 -9999.0 -9999.0 -9999.0 -9999.0 -17.1959 -9999.0 -19.0118 -22.4619 -47.2798 -50.7066 -57.4251 -42.5354 -48.4904 -51.8322 -55.8709 -47.2721 -42.1721 -39.5975 -30.4456 -21.7984 -24.9037 -21.5904 -18.8191 -9999.0 -9999.0 -9999.0 -9999.0 -9999.0 -9999.0 -9999.0 -9999.0 -9999.0 -9999.0 -9999.0 -9999.0 -9999.0 -9999.0 -9999.0 -9999.0 -9999.0 -9999.0 -14.9807 -15.6772 -16.36 -9999.0 -9999.0 -9999.0 -9999.0 -19.0807 -18.7814 -9999.0 -18.6548 -19.9708 -9999.0 -9999.0 -17.6926 -17.7944 -18.0496
-9999.0 -9999.0 -9999.0 -9999.0 -9999.0 -9999.0 -9999.0 -9999.0 -9999.0 -9999.0 -9999.0 -9999.0 -16.8336 -9999.0 -38.3519 -39.3023 -43.1956 -49.0555 -53.0149 -48.1405 -50.4891 -58.4696 -50.7404 -53.7728 -44.8831 -27.1314 -37.4669 -27.0231 -25.1836 -21.2075 -21.2576 -9999.0 -9999.0 -9999.0 -9999.0 -9999.0 -9999.0 -9999.0 -9999.0 -9999.0 -9999.0 -9999.0 -9999.0 -9999.0 -14.5577 -11.6323 -13.8015 -15.2757 -16.3041 -17.2008 -18.1538 -18.7014 -9999.0 -9999.0 -9999.0 -9999.0 -9999.0 -9999.0 -17.7828 -9999.0 -9999.0 -9999.0 -9999.0 -9999.0 -9999.0
-9999.0 -9999.0 -9999.0 -9999.0 -9999.0 -9999.0 -9999.0 -9999.0 -9999.0 -9999.0 -9999.0 -9999.0 -9999.0 -9999.0 -41.3155 -49.7484 -40.3471 -47.3245 -47.6585 -52.926 -48.4717 -47.3468 -50.1411 -48.7222 -51.3398 -47.6848 -38.769 -34.3771 -28.1798 -23.2742 -17.3833 -9999.0 -9999.0 -9999.0 -9999.0 -9999.0 -9999.0 -9999.0 -9999.0 -9999.0 -9999.0 -9999.0 -9999.0 -9999.0 -13.934 -15.3809 -15.2958 -16.9879 -16.743 -17.5816 -18.0688 -16.3403 -9999.0 -9999.0 -9999.0 -9999.0 -9999.0 -9999.0 -9999.0 -9999.0 -9999.0 -9999.0 -9999.0 -9999.0 -9999.0
-9999.0 -9999.0 -9999.0 -9999.0 -9999.0 -9999.0 -9999.0 -9999.0 -9999.0 -9999.0 -9999.0 -9999.0 -9999.0 -17.3651 -31.9667 -50.7449 -38.4931 -43.4296 -42.1687 -42.3877 -47.6844 -53.5952 -45.24 -52.6284 -54.7256 -54.6574 -50.0595 -55.2622 -41.7064 -28.9363 -18.6286 -16.7769 -9999.0 -9999.0 -9999.0 -9999.0 -9999.0 -9999.0 -9999.0 -9999.0 -9999.0 -9999.0 -9999.0 -9999.0 -16.5783 -15.7902 -14.6257 -16.2523 -16.6894 -17.0124 -17.7684 -16.0834 -9999.0 -9999.0 -9999.0 -9999.0 -9999.0 -9999.0 -9999.0 -9999.0 -9999.0 -9999.0 -9999.0 -9999.0 -9999.0
-9999.0 -9999.0 -9999.0 -9999.0 -9999.0 -9999.0 -9999.0 -9999.0 -9999.0 -9999.0 -9999.0 -9999.0 -9999.0 -9999.0 -21.9826 -34.2279 -27.9687 -40.747 -46.2127 -45.7379 -64.2236 -60.3429 -55.842 -56.51 -64.1006 -62.5928 -55.689 -58.0542 -66.9726 -68.0469 -65.6749 -28.0409 -21.0448 -9999.0 -9999.0 -9999.0 -9999.0 -9999.0 -9999.0 -9999.0 -9999.0 -9999.0 -9999.0 -16.9394 -16.853 -15.3371 -14.4548 -15.1986 -15.7117 -16.2907 -9999.0 -9999.0 -9999.0 -9999.0 -9999.0 -9999.0 -9999.0 -9999.0 -9999.0 -9999.0 -9999.0 -9999.0 -9999.0 -9999.0 -9999.0
-9999.0 -9999.0 -9999.0 -9999.0 -9999.0 -9999.0 -9999.0 -9999.0 -9999.0 -9999.0 -9999.0 -9999.0 -9999.0 -9999.0 -12.9563 -16.5188 -29.8097 -26.353 -25.6254 -32.4359 -35.2276 -45.7672 -40.5887 -33.7259 -69.8608 -62.7856 -57.5823 -59.0491 -70.6571 -57.4515 -39.0185 -21.4934 -16.2005 -9999.0 -9999.0 -9999.0 -9999.0 -9999.0 -9999.0 -9999.0 -9999.0 -9999.0 -16.9459 -16.3904 -17.6799 -17.8467 -15.1292 -14.0565 -14.6945 -15.7907 -9999.0 -9999.0 -9999.0 -9999.0 -9999.0 -9999.0 -9999.0 -9999.0 -9999.0 -9999.0 -9999.0 -9999.0 -14.5716 -9999.0 -9999.0
-9999.0 -9999.0 -9999.0 -9999.0 -9999.0 -9999.0 -9999.0 -9999.0 -9999.0 -9999.0 -9999.0 -9999.0 -9999.0 -9999.0 -9999.0 -9999.0 -12.4724 -31.8621 -66.2121 -35.295 -17.4078 -32.7429 -22.3285 -30.4517 -44.5844 -38.4617 -34.7253 -40.6683 -46.147 -55.0581 -32.0324 -28.7904 -19.0779 -18.8261 -23.21 -22.4117 -9999.0 -9999.0 -9999.0 -19.6586 -19.0527 -18.5543 -16.9884 -17.9431 -17.9004 -19.4238 -14.9774 -13.8015 -14.1109 -15.894 -9999.0 -9999.0 -9999.0 -9999.0 -9999.0 -9999.0 -9999.0 -9999.0 -9999.0 -9999.0 -9999.0 -9999.0 -9999.0 -9999.0 -9999.0
