setup_data/66100_caitjcampbell_Annual_NoAm_Map_H_1980_2010/66100_caitjcampbell_Annual_NoAm_Map_H_1980_2010/predkrig.asc
ncols 260
nrows 141
xllcorner -177.1999969482422
yllcorner 6.0
cellsize 0.5
NODATA_value -9999
[rows 87 to 115 of 141, columns 130 to 194 of 260]
-40.1133 -38.0639 -42.3004 -42.8384 -54.0611 -38.4962 -41.4082 -46.3338 -49.1433 -45.2462 -44.119 -42.8809 -42.8418 -51.1584 -44.4392 -40.0929 -39.5456 -40.2392 -38.4996 -36.9172 -35.7548 -33.8303 -33.0168 -31.5432 -30.3566 -30.1926 -28.0507 -27.7538 -26.3072 -25.6856 -24.8061 -24.5847 -24.642 -24.234 -24.1921 -23.6386 -23.5808 -23.6419 -23.8973 -23.8194 -23.626 -23.7318 -23.8148 -24.1115 -24.2228 -24.3039 -24.6705 -23.5599 -23.0952 -23.6024 -23.9498 -24.2126 -24.6897 -25.518 -25.4002 -25.694 -25.7067 -25.205 -24.4034 -24.4919 -23.9861 -23.5101 -23.0874 -22.7084 -22.625
-42.5196 -41.459 -39.3951 -45.563 -42.2113 -42.1443 -41.93 -42.6857 -42.9303 -42.3592 -43.2233 -42.9916 -44.5046 -43.4818 -44.1374 -41.8666 -37.2306 -38.4578 -37.0787 -36.0607 -34.5894 -33.6377 -31.4161 -32.3886 -31.2346 -29.3316 -28.3182 -27.2004 -25.7045 -24.9842 -24.6457 -23.5785 -23.4247 -23.3099 -23.4182 -23.1208 -23.2405 -22.7149 -23.1282 -23.07 -22.7548 -22.9484 -23.0504 -23.5072 -23.9654 -23.7065 -23.3739 -23.2516 -22.1375 -22.403 -22.5621 -22.4273 -22.8398 -23.1043 -22.9323 -24.0561 -23.5563 -23.2328 -23.1456 -23.1444 -22.5301 -22.1861 -21.8652 -21.5072 -21.4414
-44.6765 -45.2466 -44.1652 -46.0965 -44.7182 -45.0864 -47.1161 -42.4419 -43.2848 -41.6117 -41.9947 -40.8714 -44.2529 -42.3286 -39.6899 -41.1075 -37.3276 -35.7332 -35.0814 -35.3523 -34.0074 -33.2864 -32.1747 -31.165 -28.5349 -28.1193 -26.7076 -26.9019 -25.1044 -24.1875 -23.3475 -22.9067 -22.4836 -22.8908 -22.1165 -22.2953 -22.2667 -22.5427 -21.9309 -22.11 -22.2486 -22.0853 -22.9284 -23.0991 -23.0443 -22.9406 -22.4577 -22.4383 -21.6398 -21.6048 -22.0538 -21.9405 -22.1022 -22.1174 -22.2741 -21.9992 -21.849 -22.028 -21.996 -21.6276 -21.3299 -20.9075 -20.6429 -9999.0 -9999.0
-46.0994 -46.5 -46.2759 -47.8365 -47.3406 -43.7355 -45.7044 -43.8096 -42.4399 -41.4589 -41.2228 -42.3898 -43.6033 -42.567 -45.4988 -43.7775 -37.5753 -35.0723 -34.117 -32.8048 -32.735 -32.7204 -31.7131 -29.9835 -29.4612 -28.2503 -26.4208 -25.822 -24.4016 -22.9857 -22.1629 -21.9985 -21.7083 -21.464 -21.2872 -21.3134 -21.2612 -21.5262 -21.5519 -21.1653 -21.2433 -21.375 -22.4771 -22.441 -22.1165 -22.0943 -21.2153 -21.2031 -20.386 -21.1185 -20.5896 -20.4454 -20.4605 -20.6113 -20.4929 -20.34 -20.8604 -20.6621 -20.5762 -20.3467 -20.0638 -19.8218 -19.6196 -9999.0 -9999.0
-41.1358 -43.4932 -43.3978 -49.8513 -43.3051 -43.2616 -43.6696 -45.6059 -43.6134 -43.2659 -41.2979 -41.2405 -42.4453 -44.9744 -39.8495 -41.4239 -45.5349 -37.6894 -36.2289 -35.5323 -32.7578 -31.1945 -30.6826 -30.1677 -29.5969 -27.0484 -25.2063 -23.962 -24.0369 -22.1134 -21.5183 -21.0347 -20.7771 -20.8279 -20.1924 -20.5921 -20.4051 -20.6713 -20.5829 -20.5881 -20.5851 -20.6435 -21.0266 -21.1697 -21.1262 -21.2314 -20.7377 -20.0952 -19.5345 -19.6202 -19.3728 -19.4359 -19.1862 -19.2441 -19.4442 -19.4147 -19.1592 -19.2138 -19.3604 -19.2057 -19.0969 -18.7682 -18.7324 -9999.0 -9999.0
-42.354 -43.7405 -42.7477 -45.4375 -43.9992 -43.9082 -41.9285 -52.8829 -46.1911 -43.9797 -43.635 -42.9061 -43.2858 -42.1371 -40.1698 -42.3597 -40.9797 -41.8926 -38.635 -35.3923 -31.0037 -29.7667 -28.8767 -29.5944 -28.2753 -28.17 -26.0506 -25.5022 -23.4012 -20.9924 -20.7542 -20.3679 -20.0246 -19.5209 -19.4405 -19.3239 -19.3246 -19.4809 -19.6997 -19.7909 -20.0024 -20.0898 -20.1425 -20.0677 -19.9742 -19.801 -19.5453 -19.3349 -19.0941 -18.8602 -18.6352 -18.4259 -18.2257 -18.0838 -18.0936 -17.8925 -17.7403 -18.0964 -18.1601 -18.3052 -18.1361 -18.0585 -17.9309 -9999.0 -9999.0
-40.922 -41.7207 -39.7303 -40.6381 -45.3412 -42.4515 -40.2091 -53.5867 -50.9427 -47.1235 -55.9926 -47.292 -43.3754 -43.4729 -39.6502 -36.3511 -37.8131 -38.1704 -33.4261 -33.6732 -30.1728 -28.5589 -27.6862 -28.1643 -26.9323 -27.2761 -24.33 -23.5293 -21.4276 -20.4448 -19.8239 -19.3215 -18.868 -18.7477 -18.5886 -18.7183 -18.7573 -18.9441 -19.135 -19.2405 -19.3734 -19.41 -19.491 -19.3563 -19.3958 -19.2342 -19.0563 -9999.0 -9999.0 -9999.0 -9999.0 -9999.0 -9999.0 -9999.0 -17.1391 -17.0106 -17.1276 -17.2558 -17.1031 -17.4693 -17.512 -17.2603 -17.1586 -9999.0 -9999.0
-37.5433 -37.3214 -39.2521 -37.9706 -41.1434 -41.0356 -43.5867 -51.262 -54.4971 -49.6562 -48.6452 -52.1136 -41.4376 -42.4352 -38.591 -39.0835 -42.7186 -34.4988 -33.1283 -35.745 -37.4699 -28.8453 -26.1392 -25.2586 -24.5679 -23.411 -22.8378 -21.367 -20.5747 -19.5446 -18.9777 -18.5962 -18.4175 -18.3142 -18.3249 -18.467 -9999.0 -9999.0 -9999.0 -9999.0 -9999.0 -9999.0 -19.0584 -19.0085 -18.8534 -18.8017 -18.5963 -9999.0 -9999.0 -9999.0 -9999.0 -9999.0 -9999.0 -9999.0 -9999.0 -9999.0 -9999.0 -9999.0 -16.5811 -16.5678 -16.6626 -16.7007 -16.4188 -16.4373 -9999.0
-35.8058 -35.7749 -36.6417 -38.0127 -37.4878 -39.3397 -44.5404 -45.6507 -48.5323 -51.4292 -49.7618 -53.9416 -42.3406 -39.3493 -40.5028 -40.4985 -40.927 -36.0276 -34.8383 -38.1565 -35.5141 -30.8761 -26.0137 -24.3548 -23.0032 -22.6648 -21.6657 -20.3941 -20.2209 -19.4122 -18.3769 -18.1323 -18.0265 -18.0077 -18.1212 -9999.0 -9999.0 -9999.0 -9999.0 -9999.0 -9999.0 -9999.0 -9999.0 -9999.0 -9999.0 -9999.0 -9999.0 -9999.0 -9999.0 -9999.0 -9999.0 -9999.0 -9999.0 -9999.0 -9999.0 -9999.0 -9999.0 -9999.0 -9999.0 -15.9797 -15.9828 -15.9761 -15.7602 -15.5758 -9999.0
-9999.0 -34.6843 -35.3823 -35.8667 -34.5055 -34.3025 -43.5767 -44.0033 -54.8649 -51.371 -50.8592 -46.0619 -44.3214 -40.1414 -40.433 -42.0646 -39.7268 -42.5682 -37.6318 -37.9208 -36.503 -28.1734 -27.4522 -24.547 -23.4008 -22.3398 -21.0781 -20.5163 -19.2703 -18.7619 -18.2195 -18.02 -17.9789 -9999.0 -9999.0 -9999.0 -9999.0 -9999.0 -9999.0 -9999.0 -9999.0 -9999.0 -9999.0 -9999.0 -9999.0 -9999.0 -9999.0 -9999.0 -9999.0 -9999.0 -9999.0 -9999.0 -9999.0 -9999.0 -9999.0 -9999.0 -9999.0 -9999.0 -9999.0 -15.292 -15.3495 -15.2592 -15.1195 -14.7786 -9999.0
-34.5323 -9999.0 -33.6223 -33.1034 -33.1647 -38.0609 -36.9428 -45.6877 -48.4926 -52.1122 -52.0707 -50.8313 -45.0615 -41.8175 -42.4844 -41.6902 -42.1744 -37.9418 -35.8641 -36.4984 -36.2628 -31.1948 -25.5617 -24.5429 -23.1835 -22.6243 -21.547 -21.1218 -19.4267 -18.6923 -18.3004 -9999.0 -9999.0 -9999.0 -9999.0 -9999.0 -9999.0 -9999.0 -9999.0 -9999.0 -9999.0 -9999.0 -9999.0 -9999.0 -9999.0 -9999.0 -9999.0 -9999.0 -9999.0 -9999.0 -9999.0 -9999.0 -9999.0 -9999.0 -9999.0 -9999.0 -9999.0 -9999.0 -9999.0 -14.3617 -14.8258 -14.4851 -14.2568 -13.9715 -13.8067
-33.9591 -9999.0 -9999.0 -32.6685 -32.4503 -32.5311 -34.4781 -34.8595 -46.4093 -50.9495 -52.4685 -46.3604 -44.109 -42.9244 -41.2578 -41.4521 -40.1644 -37.0161 -36.8325 -38.1329 -37.8083 -27.6263 -27.3134 -24.1685 -23.0001 -21.8388 -22.0343 -20.739 -19.3635 -18.7501 -18.4465 -9999.0 -9999.0 -9999.0 -9999.0 -9999.0 -9999.0 -9999.0 -9999.0 -9999.0 -9999.0 -9999.0 -9999.0 -9999.0 -9999.0 -9999.0 -9999.0 -9999.0 -9999.0 -9999.0 -9999.0 -9999.0 -9999.0 -9999.0 -9999.0 -9999.0 -9999.0 -9999.0 -9999.0 -13.7963 -13.7152 -13.5624 -13.2167 -13.0424 -12.7292
-36.4817 -33.0031 -9999.0 -9999.0 -9999.0 -31.4736 -33.5066 -33.2129 -49.4333 -36.0229 -51.9486 -50.5007 -48.3823 -44.9218 -43.8186 -41.0948 -37.4063 -37.4107 -38.4833 -34.115 -31.4647 -31.4471 -31.7656 -26.2293 -23.6933 -22.0167 -21.463 -20.6741 -19.4846 -18.9768 -18.6163 -9999.0 -9999.0 -9999.0 -9999.0 -9999.0 -9999.0 -9999.0 -9999.0 -9999.0 -9999.0 -9999.0 -9999.0 -9999.0 -9999.0 -9999.0 -9999.0 -9999.0 -9999.0 -9999.0 -9999.0 -9999.0 -9999.0 -9999.0 -9999.0 -9999.0 -9999.0 -9999.0 -9999.0 -9999.0 -12.921 -12.4802 -12.2341 -12.0339 -11.5969
-36.7234 -32.7267 -32.0378 -9999.0 -9999.0 -9999.0 -30.8469 -34.2435 -38.2683 -48.4747 -47.5681 -54.697 -54.8316 -47.2708 -44.365 -41.0189 -37.7142 -36.3076 -41.4592 -38.4433 -41.9135 -37.1133 -33.022 -29.0317 -31.8642 -22.3323 -21.0591 -20.3321 -19.8392 -19.2943 -18.8212 -9999.0 -9999.0 -9999.0 -9999.0 -9999.0 -9999.0 -9999.0 -9999.0 -9999.0 -9999.0 -9999.0 -9999.0 -9999.0 -9999.0 -9999.0 -9999.0 -9999.0 -9999.0 -9999.0 -9999.0 -9999.0 -9999.0 -9999.0 -9999.0 -9999.0 -9999.0 -9999.0 -9999.0 -9999.0 -12.1813 -11.7519 -11.4102 -10.9819 -10.5663
-32.2808 -36.5787 -31.4165 -31.1109 -9999.0 -9999.0 -30.3608 -30.0097 -35.0945 -42.5685 -44.377 -46.9144 -49.7679 -46.9895 -44.4205 -44.7866 -48.3321 -36.3077 -35.7007 -35.0284 -34.9367 -36.4423 -33.8247 -31.8221 -24.224 -22.655 -21.8387 -21.1531 -19.9847 -19.445 -19.0891 -9999.0 -9999.0 -9999.0 -9999.0 -9999.0 -9999.0 -9999.0 -9999.0 -9999.0 -9999.0 -9999.0 -9999.0 -9999.0 -9999.0 -9999.0 -9999.0 -9999.0 -9999.0 -9999.0 -9999.0 -9999.0 -9999.0 -9999.0 -9999.0 -9999.0 -9999.0 -9999.0 -9999.0 -9999.0 -9999.0 -11.1459 -10.5637 -10.1174 -9.80187
-31.4489 -32.4423 -32.0555 -30.5292 -9999.0 -9999.0 -29.4751 -29.028 -29.4081 -30.3839 -37.1966 -46.0247 -50.3543 -44.2927 -45.3847 -44.3731 -38.5925 -38.2119 -38.4424 -36.1258 -39.0677 -48.2722 -44.8129 -48.3076 -26.0871 -23.1818 -21.8744 -22.3567 -20.063 -19.5974 -19.2322 -9999.0 -9999.0 -9999.0 -9999.0 -9999.0 -9999.0 -9999.0 -9999.0 -9999.0 -9999.0 -9999.0 -9999.0 -9999.0 -9999.0 -9999.0 -9999.0 -9999.0 -9999.0 -9999.0 -9999.0 -9999.0 -9999.0 -9999.0 -9999.0 -9999.0 -9999.0 -9999.0 -9999.0 -9999.0 -9999.0 -9999.0 -10.0432 -9.40372 -9.42965
-30.5237 -31.1159 -32.3948 -29.9075 -29.6715 -9999.0 -9999.0 -9999.0 -28.1615 -28.2502 -30.4359 -32.2318 -51.5512 -50.7732 -48.0291 -43.3763 -43.077 -44.7983 -39.4519 -39.4857 -39.5405 -41.4206 -39.4269 -41.5672 -39.5312 -24.0512 -26.9655 -22.0306 -20.3129 -19.8218 -9999.0 -9999.0 -9999.0 -9999.0 -9999.0 -9999.0 -9999.0 -9999.0 -9999.0 -9999.0 -9999.0 -9999.0 -9999.0 -9999.0 -9999.0 -9999.0 -9999.0 -9999.0 -9999.0 -9999.0 -9999.0 -9999.0 -9999.0 -9999.0 -9999.0 -9999.0 -9999.0 -9999.0 -9999.0 -9999.0 -9999.0 -10.1219 -9.5173 -9999.0 -9999.0
-9999.0 -29.7411 -31.4883 -29.3982 -29.157 -28.7783 -9999.0 -9999.0 -9999.0 -27.3135 -28.873 -37.0858 -50.3946 -49.9287 -50.2362 -43.6308 -46.9804 -46.0336 -42.347 -41.4613 -41.1617 -42.1371 -40.3582 -39.1066 -44.8565 -24.4691 -22.3465 -21.6635 -20.8048 -20.0531 -9999.0 -9999.0 -9999.0 -9999.0 -9999.0 -9999.0 -9999.0 -9999.0 -9999.0 -9999.0 -9999.0 -9999.0 -9999.0 -9999.0 -9999.0 -9999.0 -9999.0 -9999.0 -9999.0 -9999.0 -9999.0 -9999.0 -9999.0 -9999.0 -9999.0 -9999.0 -9999.0 -9999.0 -9999.0 -9999.0 -9999.0 -9999.0 -9999.0 -9999.0 -9999.0
-9999.0 -9999.0 -9999.0 -29.2858 -37.3308 -28.2634 -9999.0 -9999.0 -9999.0 -9999.0 -9999.0 -28.9495 -31.5181 -52.1057 -49.6009 -46.2483 -43.8755 -46.6219 -44.0534 -42.5273 -43.5102 -46.4686 -40.7323 -39.0931 -36.0639 -32.5549 -23.452 -24.3396 -21.6924 -20.2337 -9999.0 -9999.0 -9999.0 -9999.0 -9999.0 -9999.0 -9999.0 -9999.0 -9999.0 -9999.0 -9999.0 -9999.0 -9999.0 -9999.0 -9999.0 -9999.0 -9999.0 -9999.0 -9999.0 -9999.0 -9999.0 -9999.0 -9999.0 -9999.0 -9999.0 -9999.0 -9999.0 -9999.0 -9999.0 -9999.0 -9999.0 -9999.0 -9999.0 -9999.0 -9999.0
-9999.0 -9999.0 -9999.0 -9999.0 -37.1887 -28.1043 -27.2939 -9999.0 -9999.0 -9999.0 -9999.0 -25.598 -27.4445 -41.6675 -52.5073 -40.045 -49.7024 -48.9074 -45.0099 -43.5637 -42.8735 -44.8123 -42.6188 -37.183 -40.2247 -35.8539 -23.6593 -30.2416 -21.3668 -20.4037 -9999.0 -9999.0 -9999.0 -9999.0 -9999.0 -9999.0 -9999.0 -9999.0 -9999.0 -9999.0 -9999.0 -9999.0 -9999.0 -9999.0 -9999.0 -9999.0 -9999.0 -9999.0 -9999.0 -9999.0 -9999.0 -9999.0 -9999.0 -9999.0 -9999.0 -9999.0 -9999.0 -9999.0 -9999.0 -9999.0 -9.79816 -8.80559 -7.94359 -7.4227 -9999.0
-9999.0 -9999.0 -9999.0 -9999.0 -27.2643 -27.0357 -9999.0 -9999.0 -9999.0 -9999.0 -9999.0 -9999.0 -9999.0 -26.0979 -33.478 -39.2923 -38.7071 -45.4438 -43.7517 -45.2849 -43.7421 -42.8446 -38.9423 -40.7655 -32.2452 -30.3951 -21.529 -21.6052 -21.2625 -20.5077 -9999.0 -9999.0 -9999.0 -9999.0 -9999.0 -9999.0 -9999.0 -9999.0 -9999.0 -9999.0 -9999.0 -9999.0 -9999.0 -9999.0 -9999.0 -9999.0 -9999.0 -9999.0 -9999.0 -9999.0 -9999.0 -9999.0 -9999.0 -9999.0 -9999.0 -9999.0 -11.9639 -13.498 -10.9088 -10.1234 -9.35991 -8.52475 -7.82136 -7.80296 -7.04914
-9999.0 -9999.0 -9999.0 -9999.0 -9999.0 -9999.0 -9999.0 -9999.0 -9999.0 -9999.0 -9999.0 -9999.0 -9999.0 -24.1033 -29.4953 -36.9465 -46.0525 -42.8506 -42.859 -45.1005 -44.164 -46.0961 -41.0107 -36.2711 -32.3882 -37.4163 -23.8104 -20.8821 -20.8568 -20.5703 -9999.0 -9999.0 -9999.0 -9999.0 -9999.0 -9999.0 -9999.0 -9999.0 -9999.0 -9999.0 -9999.0 -9999.0 -9999.0 -9999.0 -9999.0 -9999.0 -9999.0 -9999.0 -9999.0 -9999.0 -9999.0 -9999.0 -9999.0 -9999.0 -9999.0 -9999.0 -12.9905 -11.0885 -10.726 -9999.0 -9.35983 -8.521 -7.81586 -7.2045 -8.68675
-9999.0 -9999.0 -9999.0 -9999.0 -9999.0 -9999.0 -9999.0 -9999.0 -9999.0 -9999.0 -9999.0 -24.3702 -9999.0 -23.7461 -24.4182 -37.7579 -41.5522 -45.1027 -37.6431 -40.8964 -42.7456 -44.8592 -40.8312 -38.3611 -36.5911 -29.4928 -21.7286 -20.4032 -21.1507 -20.7477 -9999.0 -9999.0 -9999.0 -9999.0 -9999.0 -9999.0 -9999.0 -9999.0 -9999.0 -9999.0 -9999.0 -9999.0 -9999.0 -9999.0 -9999.0 -9999.0 -9999.0 -9999.0 -17.5272 -16.8765 -16.1966 -9999.0 -9999.0 -9999.0 -9999.0 -12.5869 -11.9584 -9999.0 -10.9413 -9.78096 -9999.0 -9999.0 -8.09643 -7.66064 -7.42374
-9999.0 -9999.0 -9999.0 -9999.0 -9999.0 -9999.0 -9999.0 -9999.0 -9999.0 -9999.0 -9999.0 -9999.0 -23.7818 -9999.0 -31.9528 -35.0783 -37.9839 -40.6233 -42.7046 -40.6687 -41.7154 -46.1133 -42.3086 -44.0581 -39.4584 -29.9282 -32.2902 -22.8256 -23.0772 -20.8215 -20.545 -9999.0 -9999.0 -9999.0 -9999.0 -9999.0 -9999.0 -9999.0 -9999.0 -9999.0 -9999.0 -9999.0 -9999.0 -9999.0 -19.7736 -19.8927 -19.1442 -18.4523 -17.8723 -17.0616 -16.2869 -15.4438 -9999.0 -9999.0 -9999.0 -9999.0 -9999.0 -9999.0 -10.8551 -9999.0 -9999.0 -9999.0 -9999.0 -9999.0 -9999.0
-9999.0 -9999.0 -9999.0 -9999.0 -9999.0 -9999.0 -9999.0 -9999.0 -9999.0 -9999.0 -9999.0 -9999.0 -9999.0 -9999.0 -34.4561 -39.7739 -36.0389 -39.2596 -39.3406 -42.3924 -40.4445 -40.3393 -41.8425 -41.4159 -42.9032 -41.0192 -35.5733 -30.1644 -22.8291 -21.6415 -21.3708 -9999.0 -9999.0 -9999.0 -9999.0 -9999.0 -9999.0 -9999.0 -9999.0 -9999.0 -9999.0 -9999.0 -9999.0 -9999.0 -20.4619 -19.8888 -19.5023 -18.8045 -18.2091 -17.5309 -16.4761 -16.0687 -9999.0 -9999.0 -9999.0 -9999.0 -9999.0 -9999.0 -9999.0 -9999.0 -9999.0 -9999.0 -9999.0 -9999.0 -9999.0
-9999.0 -9999.0 -9999.0 -9999.0 -9999.0 -9999.0 -9999.0 -9999.0 -9999.0 -9999.0 -9999.0 -9999.0 -9999.0 -24.3855 -28.7264 -41.201 -35.6672 -38.6783 -37.7862 -37.8638 -40.221 -43.825 -39.7953 -43.4004 -44.3569 -44.807 -42.5556 -42.7954 -31.7794 -20.8766 -22.0772 -21.7535 -9999.0 -9999.0 -9999.0 -9999.0 -9999.0 -9999.0 -9999.0 -9999.0 -9999.0 -9999.0 -9999.0 -9999.0 -21.1611 -21.0114 -20.2053 -19.4679 -18.655 -17.793 -16.8959 -16.4545 -9999.0 -9999.0 -9999.0 -9999.0 -9999.0 -9999.0 -9999.0 -9999.0 -9999.0 -9999.0 -9999.0 -9999.0 -9999.0
-9999.0 -9999.0 -9999.0 -9999.0 -9999.0 -9999.0 -9999.0 -9999.0 -9999.0 -9999.0 -9999.0 -9999.0 -9999.0 -9999.0 -26.7359 -30.4803 -31.3281 -37.7866 -40.0043 -39.863 -48.1759 -46.5016 -44.9864 -44.0967 -48.3541 -47.9205 -44.8398 -47.0566 -51.3032 -50.9391 -43.8664 -24.4803 -21.5104 -9999.0 -9999.0 -9999.0 -9999.0 -9999.0 -9999.0 -9999.0 -9999.0 -9999.0 -9999.0 -21.9491 -22.407 -21.9064 -21.0994 -20.252 -19.2034 -18.2589 -9999.0 -9999.0 -9999.0 -9999.0 -9999.0 -9999.0 -9999.0 -9999.0 -9999.0 -9999.0 -9999.0 -9999.0 -9999.0 -9999.0 -9999.0
-9999.0 -9999.0 -9999.0 -9999.0 -9999.0 -9999.0 -9999.0 -9999.0 -9999.0 -9999.0 -9999.0 -9999.0 -9999.0 -9999.0 -22.6042 -23.3038 -30.3592 -28.8423 -28.3889 -32.7697 -32.3676 -37.2415 -35.2956 -32.2348 -50.6036 -47.8842 -44.3869 -46.0095 -51.668 -46.7486 -37.2816 -23.4512 -22.6073 -9999.0 -9999.0 -9999.0 -9999.0 -9999.0 -9999.0 -9999.0 -9999.0 -9999.0 -22.389 -22.7591 -23.4178 -23.7452 -22.1614 -20.8671 -19.813 -18.8762 -9999.0 -9999.0 -9999.0 -9999.0 -9999.0 -9999.0 -9999.0 -9999.0 -9999.0 -9999.0 -9999.0 -9999.0 -11.0179 -9999.0 -9999.0
-9999.0 -9999.0 -9999.0 -9999.0 -9999.0 -9999.0 -9999.0 -9999.0 -9999.0 -9999.0 -9999.0 -9999.0 -9999.0 -9999.0 -9999.0 -9999.0 -22.3353 -32.4501 -48.7356 -33.604 -25.0934 -33.3618 -27.2656 -31.2022 -35.3546 -33.5702 -33.819 -37.7175 -41.2189 -46.9789 -34.5833 -22.581 -22.6915 -22.788 -22.2947 -22.554 -9999.0 -9999.0 -9999.0 -23.1853 -23.1862 -23.1258 -23.4343 -24.0383 -24.1535 -25.2455 -22.854 -21.664 -20.5098 -19.4686 -9999.0 -9999.0 -9999.0 -9999.0 -9999.0 -9999.0 -9999.0 -9999.0 -9999.0 -9999.0 -9999.0 -9999.0 -9999.0 -9999.0 -9999.0
