setup_data/66100_caitjcampbell_Annual_NoAm_Map_H_1980_2010/66100_caitjcampbell_Annual_NoAm_Map_H_1980_2010/predreg.asc
ncols 260
nrows 141
xllcorner -177.1999969482422
yllcorner 6.0
cellsize 0.5
NODATA_value -9999
[rows 0 to 28 of 141, columns 130 to 194 of 260]
-9999.0 -9999.0 -9999.0 -9999.0 -196.287 -196.646 -200.27 -197.846 -196.081 -9999.0 -9999.0 -9999.0 -9999.0 -9999.0 -9999.0 -9999.0 -196.06 -196.068 -196.059 -196.05 -196.126 -196.096 -198.248 -196.051 -198.573 -198.979 -199.132 -199.047 -196.775 -195.851 -9999.0 -9999.0 -195.695 -195.723 -195.794 -195.788 -195.711 -195.759 -195.534 -201.463 -201.114 -197.975 -204.796 -201.778 -200.036 -202.473 -195.363 -195.298 -195.312 -195.318 -195.305 -195.276 -195.317 -195.35 -195.328 -195.256 -195.218 -195.216 -195.248 -195.397 -195.51 -195.251 -200.894 -201.677 -195.447
-196.746 -193.797 -9999.0 -9999.0 -9999.0 -193.614 -193.609 -198.918 -195.787 -195.095 -196.444 -196.438 -196.28 -193.53 -9999.0 -9999.0 -9999.0 -193.363 -193.336 -193.39 -196.388 -195.39 -196.226 -194.002 -194.531 -195.811 -195.315 -195.847 -193.529 -193.206 -9999.0 -9999.0 -193.015 -9999.0 -193.0 -193.151 -9999.0 -9999.0 -9999.0 -9999.0 -194.542 -196.27 -196.036 -196.234 -196.358 -198.417 -192.694 -192.61 -192.555 -9999.0 -192.637 -9999.0 -9999.0 -9999.0 -192.651 -192.711 -198.665 -198.155 -200.392 -213.39 -212.476 -203.396 -192.923 -192.792 -192.649
-196.564 -194.418 -190.988 -192.961 -194.169 -194.086 -192.296 -192.488 -193.355 -194.345 -194.062 -193.582 -190.898 -190.599 -9999.0 -190.676 -190.737 -190.701 -9999.0 -9999.0 -9999.0 -9999.0 -9999.0 -190.592 -190.693 -193.071 -193.847 -194.649 -193.144 -190.525 -9999.0 -190.484 -191.593 -194.172 -193.315 -193.59 -193.637 -190.46 -9999.0 -9999.0 -193.418 -196.053 -194.111 -196.466 -197.299 -196.199 -196.314 -195.281 -196.894 -196.411 -196.402 -194.711 -197.947 -200.849 -201.011 -208.037 -214.759 -218.672 -220.998 -222.034 -220.904 -218.124 -217.529 -206.433 -199.294
-191.54 -190.12 -189.891 -188.404 -188.489 -188.415 -188.403 -9999.0 -188.255 -188.208 -188.171 -188.16 -9999.0 -9999.0 -9999.0 -9999.0 -9999.0 -9999.0 -9999.0 -9999.0 -9999.0 -9999.0 -9999.0 -9999.0 -187.984 -187.975 -188.038 -188.039 -9999.0 -9999.0 -9999.0 -9999.0 -187.786 -187.857 -190.08 -190.829 -191.608 -188.888 -9999.0 -9999.0 -187.567 -189.382 -190.174 -193.618 -192.959 -194.132 -187.725 -187.582 -193.647 -194.322 -196.148 -199.564 -199.038 -193.592 -193.389 -198.375 -192.789 -189.539 -192.757 -199.204 -207.984 -201.199 -200.906 -192.855 -187.23
-186.088 -186.041 -9999.0 -9999.0 -9999.0 -9999.0 -9999.0 -9999.0 -9999.0 -9999.0 -9999.0 -9999.0 -9999.0 -9999.0 -9999.0 -9999.0 -9999.0 -9999.0 -9999.0 -9999.0 -9999.0 -9999.0 -9999.0 -9999.0 -9999.0 -9999.0 -9999.0 -9999.0 -185.269 -185.252 -9999.0 -9999.0 -9999.0 -9999.0 -9999.0 -185.175 -185.134 -185.165 -185.055 -184.963 -9999.0 -9999.0 -9999.0 -9999.0 -9999.0 -9999.0 -9999.0 -9999.0 -184.919 -184.951 -184.887 -184.866 -184.9 -184.888 -184.894 -9999.0 -9999.0 -9999.0 -9999.0 -9999.0 -184.969 -185.109 -9999.0 -9999.0 -9999.0
-9999.0 -9999.0 -9999.0 -9999.0 -9999.0 -9999.0 -9999.0 -9999.0 -183.073 -183.026 -9999.0 -182.996 -183.409 -183.503 -182.929 -182.893 -9999.0 -9999.0 -9999.0 -9999.0 -9999.0 -9999.0 -182.837 -182.992 -184.706 -185.302 -184.01 -187.796 -185.803 -185.255 -183.429 -9999.0 -9999.0 -182.915 -182.757 -185.819 -188.205 -188.044 -185.781 -188.705 -188.861 -188.491 -189.614 -182.526 -182.338 -9999.0 -9999.0 -9999.0 -182.293 -184.947 -185.342 -188.263 -188.438 -187.736 -188.317 -9999.0 -9999.0 -182.519 -182.535 -182.57 -182.982 -182.271 -182.322 -185.427 -182.387
-9999.0 -9999.0 -9999.0 -9999.0 -9999.0 -9999.0 -9999.0 -9999.0 -180.51 -182.374 -180.582 -180.421 -180.665 -183.045 -181.343 -180.328 -9999.0 -9999.0 -9999.0 -9999.0 -180.305 -9999.0 -180.286 -180.214 -180.207 -182.265 -183.362 -182.516 -180.416 -180.137 -180.272 -180.072 -9999.0 -183.454 -186.171 -186.879 -186.242 -186.136 -185.724 -185.815 -184.189 -180.402 -179.92 -9999.0 -9999.0 -9999.0 -179.912 -184.229 -185.943 -185.931 -185.922 -184.649 -179.852 -179.806 -185.809 -186.752 -185.454 -185.755 -198.145 -192.052 -193.161 -186.905 -180.347 -179.827 -190.94
-181.364 -178.288 -178.369 -178.286 -178.115 -181.112 -178.064 -9999.0 -179.124 -183.284 -182.971 -181.024 -179.163 -177.921 -177.807 -9999.0 -9999.0 -9999.0 -9999.0 -178.007 -178.305 -177.875 -177.676 -177.739 -178.118 -179.277 -178.291 -177.983 -179.72 -177.794 -177.568 -177.588 -9999.0 -179.11 -177.684 -177.837 -177.588 -177.507 -177.361 -177.414 -177.36 -177.278 -9999.0 -9999.0 -9999.0 -182.002 -180.596 -181.229 -180.133 -180.185 -177.893 -177.149 -9999.0 -187.51 -189.473 -185.294 -182.409 -189.277 -188.711 -189.464 -189.819 -189.348 -181.386 -179.833 -177.148
-181.787 -179.763 -181.502 -181.828 -181.581 -181.266 -177.718 -175.513 -175.519 -178.258 -178.455 -179.822 -179.823 -176.903 -175.364 -9999.0 -9999.0 -9999.0 -9999.0 -9999.0 -9999.0 -175.267 -175.17 -175.251 -175.71 -176.31 -176.761 -176.501 -175.674 -177.43 -176.577 -175.078 -175.019 -9999.0 -178.25 -180.965 -176.267 -174.892 -9999.0 -9999.0 -9999.0 -9999.0 -9999.0 -9999.0 -9999.0 -178.098 -177.775 -178.115 -177.605 -178.144 -178.878 -174.768 -174.651 -9999.0 -176.247 -177.232 -180.569 -180.542 -183.602 -180.7 -178.005 -178.205 -180.286 -174.617 -174.568
-176.47 -179.407 -179.001 -179.147 -179.877 -176.767 -175.012 -174.292 -172.962 -173.336 -173.628 -175.177 -175.186 -174.972 -173.813 -172.839 -9999.0 -9999.0 -9999.0 -9999.0 -9999.0 -9999.0 -9999.0 -9999.0 -172.691 -172.659 -173.421 -172.523 -172.535 -173.196 -172.494 -172.479 -9999.0 -172.727 -175.559 -175.804 -172.829 -172.284 -9999.0 -9999.0 -9999.0 -9999.0 -9999.0 -9999.0 -172.225 -173.603 -176.853 -177.101 -177.504 -176.448 -176.143 -175.66 -172.666 -172.056 -174.908 -173.876 -174.428 -176.218 -175.606 -179.448 -175.511 -176.565 -175.552 -174.409 -184.088
-177.916 -176.545 -176.895 -176.821 -174.76 -174.117 -173.302 -172.307 -171.177 -171.532 -171.708 -171.314 -171.441 -171.46 -171.747 -170.45 -170.315 -9999.0 -9999.0 -9999.0 -9999.0 -9999.0 -9999.0 -9999.0 -9999.0 -9999.0 -170.175 -169.994 -169.978 -9999.0 -9999.0 -9999.0 -175.974 -172.861 -176.24 -176.188 -176.261 -171.51 -170.16 -9999.0 -9999.0 -9999.0 -9999.0 -9999.0 -9999.0 -169.824 -169.734 -169.714 -169.677 -170.934 -171.366 -171.76 -170.816 -169.659 -169.54 -171.678 -171.107 -170.917 -171.015 -172.267 -172.151 -175.035 -173.066 -173.437 -172.735
-172.104 -172.597 -172.202 -173.209 -171.803 -171.808 -170.754 -170.443 -170.271 -170.8 -170.924 -170.189 -170.444 -170.428 -169.872 -169.225 -168.287 -167.886 -167.884 -167.882 -9999.0 -9999.0 -9999.0 -167.771 -167.764 -9999.0 -9999.0 -9999.0 -9999.0 -9999.0 -9999.0 -167.518 -169.468 -169.95 -175.939 -177.094 -177.302 -175.172 -172.955 -167.462 -167.359 -9999.0 -9999.0 -9999.0 -9999.0 -9999.0 -168.564 -169.135 -169.9 -170.643 -169.644 -170.442 -171.802 -171.519 -168.108 -168.293 -168.223 -169.607 -172.522 -171.184 -169.943 -169.67 -168.928 -168.908 -168.6
-166.349 -167.215 -166.938 -167.142 -168.336 -168.907 -168.61 -169.852 -168.915 -168.522 -168.852 -168.142 -168.873 -168.418 -168.672 -167.458 -167.266 -166.853 -166.659 -166.09 -165.598 -165.241 -165.398 -165.347 -9999.0 -9999.0 -9999.0 -9999.0 -9999.0 -9999.0 -9999.0 -9999.0 -167.353 -168.851 -169.433 -172.254 -170.042 -170.84 -171.146 -166.697 -169.28 -164.859 -9999.0 -9999.0 -9999.0 -9999.0 -9999.0 -164.9 -164.872 -164.697 -164.66 -165.127 -172.935 -175.554 -166.787 -168.044 -171.494 -169.213 -168.393 -167.743 -165.645 -165.838 -165.941 -167.063 -165.127
-168.457 -167.873 -166.496 -166.286 -165.834 -165.264 -164.752 -165.125 -165.303 -164.511 -164.608 -164.853 -166.212 -165.647 -164.965 -164.617 -163.465 -163.744 -163.511 -162.807 -163.023 -162.825 -163.002 -162.949 -9999.0 -9999.0 -9999.0 -9999.0 -163.661 -162.885 -162.729 -162.68 -162.604 -162.564 -163.751 -164.462 -163.835 -163.436 -162.975 -162.522 -162.443 -9999.0 -162.498 -9999.0 -9999.0 -9999.0 -9999.0 -9999.0 -9999.0 -9999.0 -162.378 -162.357 -9999.0 -9999.0 -166.151 -166.301 -166.54 -162.279 -162.265 -162.329 -162.28 -162.399 -162.422 -162.437 -162.347
-163.782 -164.062 -163.363 -164.052 -163.966 -163.558 -164.186 -164.425 -163.772 -162.909 -160.928 -160.793 -162.417 -161.652 -161.3 -161.89 -161.9 -161.338 -160.878 -161.739 -160.763 -160.618 -160.593 -160.552 -160.527 -160.495 -160.462 -160.437 -161.018 -161.429 -161.73 -161.266 -160.147 -160.166 -160.108 -9999.0 -160.54 -160.206 -160.245 -162.477 -162.948 -164.296 -160.137 -160.156 -160.2 -9999.0 -160.409 -160.192 -9999.0 -9999.0 -9999.0 -9999.0 -9999.0 -9999.0 -164.518 -164.726 -166.252 -165.408 -162.48 -160.24 -160.837 -159.95 -159.966 -9999.0 -9999.0
-161.279 -161.292 -162.008 -159.895 -160.172 -159.972 -158.511 -158.62 -158.546 -158.533 -160.05 -161.487 -161.794 -158.541 -158.339 -158.452 -158.329 -158.321 -158.314 -158.288 -158.272 -158.255 -9999.0 -9999.0 -158.165 -158.15 -158.108 -158.102 -158.247 -159.084 -158.915 -158.807 -158.314 -157.936 -157.78 -157.696 -157.728 -158.01 -158.107 -159.378 -162.097 -163.407 -161.07 -157.916 -9999.0 -159.627 -160.289 -160.178 -158.041 -9999.0 -9999.0 -9999.0 -9999.0 -159.22 -159.357 -162.178 -164.038 -161.843 -160.375 -157.891 -157.855 -157.725 -157.572 -9999.0 -9999.0
-9999.0 -156.728 -156.592 -156.535 -9999.0 -9999.0 -9999.0 -156.238 -156.389 -156.125 -156.12 -156.26 -157.31 -156.887 -156.191 -156.121 -155.984 -155.976 -155.951 -9999.0 -9999.0 -9999.0 -9999.0 -9999.0 -9999.0 -9999.0 -9999.0 -155.789 -156.103 -155.854 -155.817 -155.472 -155.579 -155.486 -155.428 -155.378 -156.422 -156.569 -158.065 -158.907 -160.074 -160.364 -159.244 -158.623 -156.029 -159.268 -157.65 -156.77 -155.214 -155.362 -9999.0 -155.021 -9999.0 -161.738 -161.266 -162.4 -161.616 -161.329 -160.821 -158.517 -155.195 -155.251 -9999.0 -9999.0 -9999.0
-154.948 -155.167 -157.505 -156.829 -157.407 -154.039 -153.939 -153.995 -155.327 -156.599 -156.959 -155.736 -156.402 -155.9 -155.916 -155.315 -155.333 -154.848 -154.416 -154.123 -153.842 -153.427 -153.713 -153.852 -153.917 -153.806 -153.299 -153.537 -153.433 -153.217 -153.916 -153.853 -153.227 -153.662 -155.502 -156.775 -155.284 -158.192 -159.924 -158.702 -157.967 -158.905 -159.263 -159.054 -156.1 -157.936 -158.893 -158.923 -153.075 -9999.0 -9999.0 -153.066 -158.534 -161.071 -160.629 -160.156 -159.297 -159.651 -158.654 -157.853 -156.586 -153.004 -9999.0 -9999.0 -9999.0
-160.409 -159.41 -158.194 -159.027 -159.026 -157.102 -156.819 -153.922 -154.259 -153.432 -154.382 -156.063 -155.22 -155.368 -154.915 -154.656 -154.708 -154.22 -153.46 -153.801 -153.257 -153.082 -153.18 -153.231 -152.954 -152.905 -152.715 -151.917 -152.545 -152.75 -151.875 -151.438 -151.442 -150.925 -151.302 -156.328 -156.35 -153.875 -155.715 -155.988 -156.547 -157.847 -159.558 -158.371 -157.294 -157.141 -158.291 -156.913 -155.345 -151.644 -151.47 -153.683 -155.524 -152.1 -155.537 -155.173 -156.962 -156.417 -156.016 -155.433 -153.661 -153.04 -150.686 -9999.0 -9999.0
-159.401 -158.807 -157.334 -157.241 -157.683 -155.744 -155.664 -155.82 -150.226 -152.14 -152.782 -153.4 -152.997 -154.875 -153.711 -153.199 -152.853 -152.732 -152.82 -152.529 -152.301 -152.243 -152.151 -152.2 -151.972 -151.798 -151.465 -151.848 -151.3 -151.364 -151.391 -150.12 -150.316 -150.048 -153.502 -154.985 -156.098 -154.906 -155.109 -154.065 -154.686 -154.94 -155.156 -156.664 -156.21 -155.308 -154.846 -155.076 -154.31 -153.304 -148.577 -148.582 -151.274 -150.718 -154.608 -150.939 -148.198 -154.396 -151.372 -148.966 -148.362 -148.44 -9999.0 -9999.0 -9999.0
-159.685 -156.241 -155.949 -156.343 -157.474 -154.26 -153.927 -155.603 -154.36 -152.0 -148.21 -153.192 -153.19 -152.919 -151.893 -151.888 -152.3 -151.552 -150.84 -150.539 -150.443 -150.137 -150.071 -149.897 -150.081 -149.688 -149.197 -149.654 -149.64 -149.62 -149.296 -149.633 -149.754 -149.852 -151.46 -152.616 -152.738 -152.734 -153.316 -152.645 -152.576 -151.908 -152.049 -151.669 -152.845 -155.975 -152.916 -154.131 -151.497 -149.811 -149.203 -149.368 -145.985 -9999.0 -146.107 -148.84 -146.096 -146.067 -146.096 -9999.0 -9999.0 -9999.0 -9999.0 -9999.0 -9999.0
-156.242 -154.166 -154.278 -154.351 -155.676 -155.353 -153.829 -153.431 -152.818 -151.415 -151.153 -150.214 -150.635 -150.73 -151.114 -150.552 -150.204 -149.418 -148.777 -148.303 -147.907 -148.237 -147.73 -148.218 -147.653 -147.592 -147.453 -147.334 -147.458 -147.461 -147.484 -147.552 -146.99 -148.0 -149.418 -150.493 -149.361 -150.465 -149.645 -150.447 -150.492 -151.214 -155.059 -150.747 -152.995 -144.178 -144.487 -148.204 -148.079 -146.626 -145.682 -143.838 -143.869 -144.262 -143.778 -143.817 -143.862 -143.778 -143.841 -9999.0 -9999.0 -9999.0 -9999.0 -9999.0 -9999.0
-152.545 -152.905 -153.469 -152.81 -152.146 -151.925 -152.408 -152.185 -149.482 -148.998 -149.181 -149.057 -148.293 -148.145 -148.68 -147.763 -146.92 -146.473 -146.483 -146.61 -146.197 -146.167 -146.127 -146.024 -145.991 -145.729 -145.318 -145.397 -145.3 -144.246 -145.43 -144.911 -144.846 -145.312 -145.107 -145.297 -145.689 -146.392 -145.936 -147.453 -147.747 -148.173 -147.137 -147.339 -148.243 -148.142 -146.866 -147.044 -141.909 -142.454 -141.696 -9999.0 -141.94 -142.974 -141.719 -147.341 -141.754 -141.771 -9999.0 -9999.0 -9999.0 -9999.0 -9999.0 -9999.0 -9999.0
-149.691 -150.378 -151.002 -150.253 -150.323 -150.178 -149.132 -149.519 -147.37 -147.512 -147.24 -147.875 -146.614 -146.697 -146.481 -146.349 -146.574 -146.301 -144.095 -143.649 -143.414 -143.391 -143.256 -143.049 -142.859 -142.164 -142.668 -141.603 -141.565 -141.593 -142.119 -142.371 -142.243 -143.096 -143.092 -142.999 -142.329 -142.879 -142.902 -142.921 -142.885 -142.773 -142.815 -142.026 -143.002 -144.867 -144.027 -142.707 -142.536 -139.582 -139.576 -9999.0 -140.041 -140.484 -140.832 -145.796 -145.665 -148.847 -146.079 -144.966 -139.569 -9999.0 -9999.0 -9999.0 -9999.0
-147.802 -147.37 -147.296 -147.65 -146.473 -146.803 -146.993 -145.965 -147.069 -145.991 -145.795 -145.333 -144.919 -145.536 -147.916 -143.92 -142.315 -141.525 -141.354 -140.84 -141.032 -143.213 -141.287 -142.002 -140.98 -139.548 -140.571 -140.952 -140.881 -140.0 -139.141 -138.386 -138.038 -137.934 -137.879 -137.945 -138.31 -138.226 -139.107 -140.129 -139.44 -140.27 -139.807 -138.097 -137.616 -139.16 -140.339 -138.14 -137.436 -137.459 -9999.0 -9999.0 -137.803 -138.214 -138.808 -139.134 -140.775 -138.165 -137.893 -139.834 -138.812 -137.392 -9999.0 -9999.0 -9999.0
-145.79 -146.019 -145.103 -145.803 -144.991 -144.234 -144.212 -144.925 -144.078 -143.732 -143.712 -143.304 -143.176 -142.543 -143.763 -139.822 -142.172 -142.72 -142.379 -141.85 -141.309 -141.173 -139.996 -139.569 -139.016 -138.867 -138.653 -139.808 -138.699 -137.987 -137.592 -137.45 -137.515 -137.467 -137.17 -136.441 -135.867 -135.73 -136.576 -135.532 -135.467 -135.452 -135.683 -135.435 -135.336 -135.338 -9999.0 -135.35 -9999.0 -9999.0 -135.692 -135.216 -135.183 -136.314 -136.463 -135.421 -135.242 -135.118 -135.142 -135.187 -135.176 -135.67 -137.038 -135.329 -135.319
-145.312 -144.001 -143.374 -143.449 -142.716 -141.718 -141.415 -142.496 -141.564 -141.706 -141.663 -141.774 -141.366 -140.733 -140.279 -139.111 -141.63 -140.143 -140.041 -138.883 -138.61 -138.545 -139.303 -139.794 -139.848 -140.441 -139.541 -137.125 -136.72 -135.342 -136.767 -136.682 -136.719 -136.114 -135.719 -135.741 -136.06 -134.777 -134.233 -133.962 -134.835 -136.464 -133.756 -133.272 -9999.0 -9999.0 -9999.0 -9999.0 -9999.0 -9999.0 -9999.0 -9999.0 -9999.0 -133.562 -133.142 -133.042 -9999.0 -9999.0 -9999.0 -9999.0 -9999.0 -9999.0 -133.121 -9999.0 -9999.0
-138.951 -138.598 -138.526 -137.839 -137.931 -135.939 -137.362 -138.825 -138.782 -139.192 -139.412 -139.357 -139.485 -138.988 -138.034 -138.317 -139.078 -138.248 -138.054 -137.836 -136.684 -136.452 -137.782 -138.353 -137.224 -137.6 -135.461 -134.888 -133.204 -134.558 -134.191 -134.686 -133.731 -134.057 -133.059 -132.557 -133.028 -132.642 -131.644 -131.325 -131.207 -131.189 -131.261 -131.199 -9999.0 -9999.0 -9999.0 -9999.0 -9999.0 -9999.0 -9999.0 -9999.0 -9999.0 -9999.0 -9999.0 -9999.0 -9999.0 -131.046 -131.022 -131.049 -130.932 -130.933 -9999.0 -9999.0 -9999.0
-133.552 -133.512 -136.362 -136.41 -136.46 -136.456 -137.252 -137.304 -138.063 -137.766 -137.79 -138.053 -137.029 -136.68 -136.467 -136.284 -136.16 -136.067 -135.955 -135.525 -135.079 -135.558 -135.608 -134.729 -134.665 -134.236 -133.499 -132.292 -132.599 -132.573 -132.541 -131.643 -131.242 -130.483 -130.403 -130.113 -129.665 -129.279 -129.196 -129.282 -129.229 -9999.0 -9999.0 -9999.0 -9999.0 -9999.0 -9999.0 -9999.0 -9999.0 -9999.0 -9999.0 -9999.0 -9999.0 -9999.0 -9999.0 -9999.0 -9999.0 -128.826 -128.84 -128.818 -128.831 -9999.0 -9999.0 -9999.0 -129.301
