setup_data/66100_caitjcampbell_Annual_NoAm_Map_H_1980_2010/66100_caitjcampbell_Annual_NoAm_Map_H_1980_2010/predkrig.asc
ncols 260
nrows 141
xllcorner -177.1999969482422
yllcorner 6.0
cellsize 0.5
NODATA_value -9999
[rows 29 to 57 of 141, columns 130 to 194 of 260]
-157.133 -157.106 -157.468 -157.168 -157.053 -156.885 -156.742 -157.306 -156.237 -156.186 -155.96 -155.719 -155.7 -155.695 -154.594 -154.314 -154.573 -153.415 -153.098 -152.724 -152.47 -152.12 -151.862 -151.595 -151.387 -151.062 -150.758 -149.925 -149.007 -148.712 -148.224 -147.508 -147.01 -146.448 -146.96 -145.791 -145.354 -145.096 -144.872 -9999.0 -9999.0 -9999.0 -9999.0 -9999.0 -9999.0 -9999.0 -9999.0 -9999.0 -9999.0 -9999.0 -9999.0 -9999.0 -9999.0 -9999.0 -9999.0 -9999.0 -9999.0 -9999.0 -9999.0 -9999.0 -9999.0 -9999.0 -9999.0 -9999.0 -141.779
-155.293 -155.565 -155.436 -155.527 -155.3 -155.369 -155.982 -155.736 -155.464 -155.179 -154.836 -154.437 -154.303 -153.484 -152.977 -152.653 -152.154 -151.659 -151.702 -151.456 -150.879 -150.402 -150.144 -149.773 -149.518 -149.076 -148.947 -148.382 -147.278 -146.895 -147.455 -146.096 -145.816 -144.896 -144.445 -143.75 -143.419 -143.171 -9999.0 -9999.0 -9999.0 -9999.0 -9999.0 -9999.0 -9999.0 -9999.0 -9999.0 -9999.0 -9999.0 -9999.0 -9999.0 -9999.0 -9999.0 -9999.0 -9999.0 -9999.0 -9999.0 -9999.0 -9999.0 -9999.0 -9999.0 -9999.0 -9999.0 -9999.0 -9999.0
-153.151 -153.371 -153.761 -153.556 -154.251 -153.623 -153.444 -154.129 -153.674 -153.489 -153.282 -152.768 -153.6 -152.431 -151.988 -150.91 -150.62 -150.366 -150.0 -149.669 -149.092 -148.703 -148.573 -148.233 -147.725 -147.439 -147.173 -146.839 -145.514 -145.052 -144.617 -144.184 -143.213 -142.869 -142.322 -141.743 -141.477 -9999.0 -9999.0 -9999.0 -9999.0 -9999.0 -9999.0 -9999.0 -9999.0 -9999.0 -9999.0 -9999.0 -9999.0 -9999.0 -9999.0 -9999.0 -9999.0 -9999.0 -9999.0 -9999.0 -9999.0 -9999.0 -9999.0 -9999.0 -9999.0 -9999.0 -9999.0 -9999.0 -9999.0
-151.756 -151.852 -152.03 -151.823 -152.433 -151.904 -152.547 -152.365 -152.168 -151.922 -151.852 -151.248 -150.932 -150.698 -150.23 -149.463 -149.738 -149.49 -148.07 -147.764 -147.433 -147.653 -146.872 -146.257 -145.918 -145.383 -145.108 -144.977 -144.121 -143.188 -142.947 -142.404 -142.017 -141.151 -140.252 -139.824 -9999.0 -9999.0 -9999.0 -9999.0 -9999.0 -9999.0 -9999.0 -9999.0 -9999.0 -9999.0 -9999.0 -9999.0 -9999.0 -9999.0 -9999.0 -9999.0 -9999.0 -9999.0 -9999.0 -9999.0 -9999.0 -9999.0 -9999.0 -9999.0 -9999.0 -9999.0 -9999.0 -9999.0 -9999.0
-150.024 -149.765 -150.079 -150.122 -150.48 -150.627 -150.427 -149.973 -149.876 -150.081 -149.705 -149.07 -149.202 -149.018 -148.091 -148.071 -147.559 -147.732 -147.281 -146.539 -146.631 -145.497 -145.056 -144.59 -144.1 -143.613 -143.559 -143.361 -142.755 -142.474 -141.449 -140.754 -140.217 -139.301 -138.549 -137.908 -9999.0 -9999.0 -9999.0 -9999.0 -9999.0 -9999.0 -9999.0 -9999.0 -9999.0 -9999.0 -9999.0 -9999.0 -9999.0 -9999.0 -9999.0 -9999.0 -9999.0 -9999.0 -9999.0 -9999.0 -9999.0 -9999.0 -9999.0 -9999.0 -9999.0 -9999.0 -9999.0 -9999.0 -9999.0
-148.436 -147.909 -148.467 -148.398 -147.249 -147.012 -146.773 -146.54 -146.275 -146.408 -146.35 -145.979 -146.293 -146.377 -145.19 -145.648 -145.924 -145.619 -145.418 -145.053 -144.565 -143.941 -143.884 -143.299 -142.662 -141.755 -141.816 -141.112 -140.633 -140.258 -140.026 -138.998 -138.192 -137.448 -136.53 -136.019 -9999.0 -9999.0 -9999.0 -9999.0 -9999.0 -9999.0 -9999.0 -9999.0 -9999.0 -9999.0 -9999.0 -9999.0 -9999.0 -9999.0 -9999.0 -9999.0 -9999.0 -9999.0 -9999.0 -9999.0 -9999.0 -9999.0 -9999.0 -9999.0 -9999.0 -9999.0 -9999.0 -9999.0 -9999.0
-146.374 -146.202 -145.987 -145.784 -146.253 -146.293 -146.348 -146.306 -146.305 -146.551 -146.162 -145.841 -144.704 -144.31 -144.499 -144.273 -143.913 -143.724 -143.614 -143.023 -142.434 -142.282 -141.906 -141.509 -140.735 -139.905 -139.955 -139.003 -138.925 -138.838 -138.114 -137.226 -136.51 -135.748 -134.775 -134.186 -134.021 -133.7 -133.458 -9999.0 -9999.0 -9999.0 -9999.0 -9999.0 -9999.0 -9999.0 -9999.0 -9999.0 -9999.0 -9999.0 -9999.0 -9999.0 -9999.0 -9999.0 -9999.0 -9999.0 -9999.0 -9999.0 -9999.0 -9999.0 -9999.0 -9999.0 -9999.0 -9999.0 -9999.0
-144.812 -144.615 -144.992 -145.13 -145.167 -145.191 -145.97 -145.992 -145.581 -145.329 -145.552 -143.753 -143.349 -143.511 -143.186 -143.136 -142.78 -141.887 -141.691 -141.593 -140.842 -140.44 -140.559 -140.114 -139.295 -139.161 -138.384 -137.812 -137.776 -137.079 -136.454 -136.135 -135.054 -134.332 -133.59 -132.898 -132.599 -132.253 -131.673 -131.423 -9999.0 -9999.0 -9999.0 -9999.0 -9999.0 -9999.0 -9999.0 -9999.0 -9999.0 -9999.0 -9999.0 -9999.0 -9999.0 -9999.0 -9999.0 -9999.0 -9999.0 -9999.0 -9999.0 -9999.0 -9999.0 -9999.0 -9999.0 -9999.0 -9999.0
-148.439 -143.378 -143.493 -143.958 -144.354 -145.464 -144.698 -144.621 -144.32 -144.405 -143.606 -143.25 -142.915 -143.333 -142.6 -141.605 -140.647 -140.62 -140.069 -138.959 -138.643 -138.674 -138.483 -137.886 -137.341 -137.203 -136.725 -135.932 -135.384 -135.271 -134.719 -134.037 -133.562 -132.631 -132.769 -131.58 -131.02 -130.52 -130.044 -129.604 -9999.0 -9999.0 -9999.0 -9999.0 -9999.0 -9999.0 -9999.0 -9999.0 -9999.0 -9999.0 -9999.0 -9999.0 -9999.0 -9999.0 -9999.0 -9999.0 -9999.0 -9999.0 -9999.0 -9999.0 -9999.0 -9999.0 -9999.0 -9999.0 -9999.0
-142.735 -142.059 -144.385 -144.053 -143.75 -143.432 -143.319 -142.476 -142.225 -142.121 -141.807 -141.587 -141.556 -140.988 -140.652 -139.806 -138.867 -138.487 -137.867 -137.203 -137.07 -137.024 -136.341 -135.813 -135.812 -134.771 -134.282 -133.781 -133.54 -132.981 -132.507 -132.063 -131.579 -131.318 -131.042 -130.709 -129.45 -128.933 -128.465 -127.793 -127.562 -127.363 -127.244 -127.013 -126.832 -9999.0 -9999.0 -9999.0 -9999.0 -9999.0 -9999.0 -9999.0 -9999.0 -9999.0 -9999.0 -9999.0 -9999.0 -9999.0 -9999.0 -9999.0 -9999.0 -9999.0 -9999.0 -9999.0 -9999.0
-142.573 -140.919 -141.737 -140.998 -140.899 -141.192 -140.892 -140.192 -140.317 -140.14 -140.31 -140.342 -139.683 -139.197 -138.721 -137.666 -137.379 -136.22 -136.093 -135.46 -135.412 -135.432 -134.717 -133.836 -133.336 -133.037 -132.317 -132.248 -132.12 -131.357 -130.953 -130.345 -129.727 -129.199 -129.062 -128.154 -127.68 -127.16 -126.706 -126.366 -126.24 -126.276 -126.136 -125.783 -125.439 -125.124 -124.817 -124.507 -124.344 -9999.0 -9999.0 -9999.0 -9999.0 -9999.0 -9999.0 -9999.0 -9999.0 -9999.0 -9999.0 -9999.0 -9999.0 -9999.0 -9999.0 -9999.0 -9999.0
-141.42 -142.75 -141.269 -140.093 -139.748 -139.366 -138.943 -138.688 -138.358 -138.163 -138.339 -137.669 -137.774 -137.338 -136.268 -135.991 -135.428 -135.145 -134.373 -133.889 -133.802 -133.063 -132.109 -131.582 -131.839 -130.921 -130.769 -130.223 -130.389 -129.005 -128.658 -127.97 -127.591 -127.251 -126.818 -126.52 -125.86 -125.399 -125.038 -124.887 -125.23 -124.888 -125.044 -125.005 -124.386 -123.938 -123.608 -122.976 -122.631 -122.341 -9999.0 -9999.0 -9999.0 -9999.0 -9999.0 -9999.0 -9999.0 -9999.0 -9999.0 -9999.0 -9999.0 -9999.0 -9999.0 -9999.0 -9999.0
-140.907 -140.322 -139.479 -139.288 -138.882 -138.349 -137.351 -136.823 -136.624 -136.516 -135.552 -135.414 -134.631 -134.458 -133.944 -133.887 -133.566 -133.307 -132.551 -131.951 -130.844 -130.629 -130.239 -129.845 -129.623 -129.297 -128.485 -128.261 -127.373 -126.793 -126.557 -126.356 -125.975 -125.61 -125.166 -124.684 -124.083 -124.123 -123.858 -123.551 -122.907 -122.851 -122.71 -122.763 -122.635 -122.262 -122.127 -121.429 -121.076 -120.8 -120.563 -120.326 -120.056 -119.94 -9999.0 -9999.0 -9999.0 -9999.0 -9999.0 -9999.0 -9999.0 -9999.0 -9999.0 -9999.0 -9999.0
-138.986 -139.016 -138.951 -138.709 -138.434 -137.724 -136.343 -135.411 -134.868 -134.584 -134.541 -133.39 -132.804 -132.389 -131.841 -131.482 -131.419 -131.191 -130.19 -130.239 -129.49 -129.019 -128.573 -128.192 -127.812 -127.345 -126.678 -126.013 -125.437 -124.977 -124.877 -124.428 -124.148 -123.848 -123.346 -123.012 -122.579 -122.114 -121.887 -121.575 -121.12 -120.812 -120.696 -120.569 -120.324 -120.26 -119.886 -119.508 -119.651 -119.748 -119.479 -119.276 -118.7 -118.291 -117.999 -117.905 -117.818 -117.634 -117.574 -117.414 -117.315 -9999.0 -9999.0 -9999.0 -9999.0
-136.835 -137.305 -136.707 -136.757 -136.005 -136.064 -136.459 -135.174 -133.481 -132.88 -132.67 -132.297 -132.234 -131.4 -130.717 -132.369 -129.407 -128.561 -128.163 -127.928 -127.552 -127.102 -126.534 -125.998 -125.562 -124.918 -124.366 -123.68 -123.406 -123.03 -122.707 -122.437 -121.959 -121.619 -121.354 -120.991 -120.616 -120.452 -120.19 -120.194 -119.604 -119.387 -119.003 -118.769 -118.508 -118.459 -118.168 -118.129 -117.754 -117.547 -117.454 -117.197 -116.983 -116.817 -117.207 -116.848 -116.438 -116.195 -115.895 -115.71 -115.465 -9999.0 -9999.0 -9999.0 -9999.0
-136.435 -136.148 -134.503 -134.863 -134.156 -133.568 -132.963 -131.932 -131.584 -131.147 -131.305 -131.451 -130.204 -129.946 -130.148 -130.197 -127.502 -126.853 -125.768 -125.28 -124.863 -124.49 -124.016 -123.617 -123.312 -122.817 -122.119 -121.748 -121.378 -121.18 -120.632 -120.374 -120.046 -119.61 -119.261 -119.062 -119.016 -118.799 -118.496 -118.11 -118.197 -117.963 -117.654 -117.302 -117.004 -116.569 -116.376 -116.057 -116.003 -115.539 -115.537 -115.646 -115.353 -115.229 -115.314 -115.362 -115.07 -114.568 -114.061 -113.678 -113.531 -9999.0 -9999.0 -9999.0 -9999.0
-134.54 -134.742 -133.9 -133.275 -133.106 -132.613 -132.405 -132.074 -130.744 -130.513 -128.969 -129.866 -128.146 -128.327 -127.229 -126.236 -125.355 -124.2 -123.438 -122.939 -122.569 -122.106 -121.702 -121.31 -121.004 -120.759 -119.695 -119.277 -119.004 -118.749 -118.518 -118.434 -118.226 -117.786 -117.26 -116.989 -116.861 -116.816 -116.834 -116.459 -116.174 -116.059 -115.811 -115.353 -115.046 -115.04 -114.765 -114.572 -114.249 -113.869 -113.595 -113.522 -113.438 -113.14 -112.971 -112.895 -112.803 -112.609 -112.333 -111.909 -111.67 -9999.0 -9999.0 -9999.0 -9999.0
-133.649 -133.352 -133.174 -132.622 -131.69 -130.836 -129.517 -128.986 -129.91 -129.69 -127.487 -126.321 -125.523 -125.001 -124.258 -123.805 -122.805 -122.199 -122.257 -124.413 -120.647 -119.817 -119.356 -118.856 -118.302 -117.948 -117.2 -116.796 -116.457 -116.189 -116.132 -116.061 -115.985 -115.905 -115.675 -115.225 -114.987 -114.947 -114.884 -114.388 -114.15 -114.209 -113.767 -113.848 -113.259 -113.297 -113.185 -112.875 -112.674 -112.365 -111.95 -111.752 -111.489 -111.196 -111.095 -111.052 -110.804 -110.532 -110.276 -109.959 -109.741 -109.625 -109.607 -9999.0 -9999.0
-132.401 -131.631 -131.453 -130.552 -129.85 -129.878 -128.568 -127.117 -126.706 -126.211 -125.412 -124.279 -123.506 -123.795 -123.329 -122.37 -121.827 -121.088 -120.146 -119.193 -118.96 -122.296 -116.744 -116.072 -115.592 -115.361 -114.852 -114.195 -113.824 -113.525 -113.51 -113.314 -113.318 -113.503 -113.403 -113.088 -112.943 -112.715 -112.567 -112.229 -112.053 -112.445 -111.765 -111.861 -111.339 -111.303 -110.902 -110.694 -110.763 -110.458 -110.101 -109.8 -109.574 -109.614 -109.296 -109.172 -108.76 -108.462 -108.175 -107.941 -107.791 -107.694 -107.635 -107.561 -9999.0
-132.356 -131.1 -131.338 -129.369 -128.611 -128.126 -127.193 -126.381 -125.86 -123.699 -122.599 -121.989 -121.941 -121.51 -121.201 -120.592 -119.898 -119.955 -119.172 -118.424 -118.135 -115.525 -113.928 -113.408 -112.671 -112.424 -112.159 -111.551 -111.064 -110.738 -110.531 -110.559 -110.683 -110.866 -110.761 -110.517 -110.931 -110.73 -110.663 -110.46 -110.441 -110.406 -109.967 -109.948 -109.435 -109.13 -108.896 -108.6 -108.352 -108.349 -108.138 -107.709 -107.739 -107.645 -107.608 -107.208 -106.781 -106.479 -106.326 -106.302 -106.023 -105.783 -105.695 -9999.0 -9999.0
-130.716 -130.03 -129.471 -128.228 -127.497 -126.51 -125.718 -124.185 -123.099 -121.78 -120.893 -120.563 -119.913 -118.874 -118.364 -117.831 -117.584 -116.493 -115.863 -114.618 -113.626 -115.028 -114.973 -110.793 -109.573 -109.151 -108.909 -108.585 -108.51 -107.899 -107.542 -107.499 -107.75 -107.922 -108.128 -108.116 -107.815 -108.028 -107.758 -108.271 -108.027 -107.933 -107.606 -107.263 -107.096 -107.095 -106.948 -106.762 -106.531 -106.516 -106.039 -105.614 -105.291 -105.247 -105.247 -104.99 -104.581 -104.455 -104.396 -104.312 -104.303 -104.23 -103.962 -103.702 -9999.0
-129.153 -128.444 -128.144 -127.241 -126.131 -124.979 -123.907 -122.735 -121.373 -121.075 -119.57 -118.532 -117.957 -116.236 -115.636 -115.73 -115.542 -114.795 -113.068 -111.638 -111.174 -110.5 -109.483 -107.996 -106.397 -105.994 -105.501 -105.402 -105.457 -104.808 -104.391 -104.446 -104.51 -104.924 -105.117 -105.21 -105.475 -105.279 -105.506 -105.555 -105.33 -105.07 -105.063 -105.037 -104.964 -104.753 -104.564 -104.346 -104.193 -103.893 -103.683 -103.418 -103.132 -103.165 -102.829 -102.585 -102.455 -102.463 -102.695 -102.724 -102.482 -102.184 -101.974 -101.878 -101.704
-127.259 -126.495 -126.015 -124.793 -124.206 -123.207 -122.205 -120.382 -119.964 -118.703 -118.497 -116.592 -115.556 -114.302 -113.093 -113.293 -111.756 -110.749 -109.968 -108.65 -107.612 -106.673 -106.858 -106.793 -106.925 -102.778 -102.158 -101.672 -101.696 -101.848 -101.031 -100.847 -101.276 -101.712 -102.025 -101.973 -102.081 -101.996 -102.396 -102.635 -102.375 -102.171 -102.544 -102.448 -102.466 -102.156 -102.265 -102.061 -102.079 -101.825 -101.658 -101.511 -100.988 -100.753 -100.725 -100.301 -100.449 -100.985 -101.215 -100.634 -100.299 -100.117 -100.139 -100.732 -100.729
-125.323 -124.757 -124.07 -123.737 -122.846 -121.421 -120.607 -119.694 -119.669 -118.089 -116.496 -114.699 -113.96 -111.798 -110.526 -109.541 -108.805 -108.337 -107.638 -105.943 -104.883 -103.305 -102.211 -102.293 -101.931 -99.6383 -98.3589 -97.8272 -97.7265 -97.6955 -97.3325 -97.2611 -97.7882 -98.1515 -98.2328 -98.3031 -98.5008 -99.1066 -99.4087 -99.2728 -99.1553 -99.3295 -99.9006 -99.8965 -100.048 -99.7305 -99.4435 -98.613 -99.3369 -99.5551 -99.6241 -99.5433 -99.2339 -98.5871 -98.5092 -98.2623 -98.5653 -99.0252 -98.4948 -98.3503 -98.5421 -98.7572 -99.715 -100.244 -100.424
-124.289 -123.489 -122.95 -124.788 -124.36 -122.652 -122.524 -119.091 -117.464 -115.87 -114.352 -113.116 -111.684 -110.082 -109.381 -107.233 -105.23 -104.505 -103.538 -103.779 -101.926 -100.209 -98.2259 -97.4685 -96.9152 -95.7436 -94.7753 -94.5246 -93.5908 -93.3847 -93.3495 -93.7062 -93.9882 -94.5231 -94.9258 -94.5645 -95.4405 -95.738 -95.844 -96.05 -96.4385 -96.7136 -97.2731 -97.1728 -97.5384 -97.1646 -95.8343 -95.7926 -96.4907 -96.818 -97.0281 -97.2116 -97.2419 -96.5784 -97.1378 -97.197 -97.2418 -97.2379 -97.4093 -97.2797 -97.2149 -97.6412 -98.077 -98.4966 -98.5785
-123.354 -123.265 -121.774 -121.938 -120.556 -119.647 -118.53 -117.505 -115.834 -114.525 -113.888 -112.915 -110.183 -108.785 -106.262 -105.058 -103.125 -101.014 -99.7455 -98.6097 -97.3423 -95.918 -94.5644 -94.3127 -93.7264 -92.6743 -92.1196 -92.0245 -89.6362 -89.2095 -89.3056 -89.9568 -90.8757 -90.748 -90.6059 -90.8917 -91.2641 -91.954 -92.5971 -93.023 -93.3657 -94.0684 -94.175 -94.7547 -94.5403 -94.7337 -93.898 -93.6299 -95.0271 -94.943 -95.5236 -94.8749 -94.6678 -95.3019 -95.8168 -95.3212 -95.4812 -95.3267 -95.3955 -95.2677 -95.3844 -95.8588 -95.7576 -96.7311 -96.6016
-121.984 -121.51 -121.279 -119.298 -118.053 -117.019 -116.034 -115.808 -113.855 -112.182 -110.608 -110.047 -108.028 -105.422 -104.364 -101.133 -99.6023 -98.3128 -97.8889 -96.7894 -94.117 -92.3071 -90.956 -90.1307 -89.7423 -89.4137 -88.4908 -88.0787 -87.4241 -85.342 -85.2431 -85.9929 -86.4195 -86.8712 -87.1479 -87.1253 -87.5985 -87.9794 -88.5466 -88.706 -89.864 -90.443 -90.6667 -91.3089 -91.4077 -91.2636 -91.8577 -89.1415 -89.3488 -88.1457 -89.0546 -89.2125 -91.4552 -92.5224 -94.0294 -93.0994 -93.8563 -93.0439 -93.3387 -94.3795 -93.6851 -93.8278 -93.9747 -94.1225 -94.0888
-120.207 -119.628 -117.846 -117.167 -116.811 -120.417 -115.835 -112.671 -110.944 -109.873 -108.004 -106.31 -105.476 -102.976 -100.296 -99.189 -97.5928 -95.7097 -93.8683 -93.1138 -91.3828 -89.6883 -87.8021 -86.7772 -86.1543 -85.5053 -84.4755 -84.2176 -83.6455 -81.7084 -81.5225 -82.1408 -82.6952 -83.0568 -83.2858 -83.5825 -83.9604 -84.3068 -85.3727 -85.4833 -85.8071 -86.9629 -86.9855 -87.7635 -87.2311 -85.9814 -83.5882 -84.5814 -84.008 -84.3947 -84.4587 -85.8377 -89.8202 -90.8501 -91.2527 -91.0215 -90.7275 -91.4329 -91.3814 -91.6077 -92.1055 -92.3882 -91.9167 -92.493 -92.8574
-119.398 -118.56 -115.953 -116.759 -115.493 -113.927 -112.924 -112.3 -109.857 -109.024 -107.09 -105.125 -103.476 -101.18 -99.3348 -97.3905 -95.1544 -93.0507 -91.8877 -89.4047 -88.0975 -87.0387 -85.892 -84.4445 -82.9511 -82.1605 -81.3319 -80.7194 -80.3978 -78.8788 -78.0518 -78.2096 -79.0766 -79.5444 -80.0488 -80.4698 -80.5967 -81.0721 -81.354 -82.173 -82.5934 -83.6047 -84.0596 -81.0763 -79.727 -80.1564 -80.2397 -80.73 -80.5018 -82.1076 -81.326 -82.6862 -84.7661 -84.0513 -87.7566 -88.8776 -89.2989 -89.5049 -89.8208 -89.9071 -90.3642 -90.2316 -90.3667 -90.2363 -90.2562
