setup_data/66100_caitjcampbell_Annual_NoAm_Map_H_1980_2010/66100_caitjcampbell_Annual_NoAm_Map_H_1980_2010/predreg.asc
ncols 260
nrows 141
xllcorner -177.1999969482422
yllcorner 6.0
cellsize 0.5
NODATA_value -9999
[rows 0 to 28 of 141, columns 195 to 259 of 260]
-195.269 -195.144 -194.922 -9999.0 -9999.0 -9999.0 -9999.0 -9999.0 -9999.0 -9999.0 -9999.0 -9999.0 -9999.0 -9999.0 -9999.0 -9999.0 -9999.0 -9999.0 -9999.0 -9999.0 -194.417 -194.383 -202.976 -205.075 -200.779 -194.689 -200.124 -194.707 -199.158 -198.364 -194.834 -203.843 -194.8 -194.718 -194.749 -194.712 -195.128 -205.833 -207.515 -209.965 -212.227 -215.603 -219.032 -221.85 -223.632 -225.969 -227.364 -229.328 -231.686 -233.596 -235.166 -236.551 -237.807 -239.028 -240.073 -241.392 -242.275 -243.028 -243.807 -244.57 -245.356 -246.162 -246.926 -247.587 -248.202
-9999.0 -192.335 -9999.0 -9999.0 -9999.0 -9999.0 -9999.0 -9999.0 -9999.0 -9999.0 -9999.0 -9999.0 -9999.0 -9999.0 -9999.0 -9999.0 -9999.0 -9999.0 -9999.0 -9999.0 -9999.0 -9999.0 -9999.0 -9999.0 -9999.0 -191.858 -191.781 -9999.0 -9999.0 -9999.0 -9999.0 -9999.0 -9999.0 -9999.0 -9999.0 -9999.0 -9999.0 -9999.0 -9999.0 -192.108 -191.94 -192.213 -192.085 -202.806 -209.708 -214.47 -218.216 -221.093 -224.099 -226.632 -228.093 -230.058 -232.051 -233.736 -235.221 -236.466 -237.542 -238.917 -239.852 -240.769 -241.911 -242.854 -243.797 -244.636 -245.428
-189.871 -9999.0 -9999.0 -9999.0 -9999.0 -9999.0 -9999.0 -9999.0 -9999.0 -9999.0 -9999.0 -9999.0 -9999.0 -9999.0 -9999.0 -9999.0 -9999.0 -9999.0 -9999.0 -9999.0 -9999.0 -9999.0 -9999.0 -9999.0 -9999.0 -9999.0 -9999.0 -9999.0 -9999.0 -9999.0 -9999.0 -9999.0 -9999.0 -9999.0 -9999.0 -9999.0 -9999.0 -9999.0 -9999.0 -9999.0 -9999.0 -9999.0 -9999.0 -190.606 -198.904 -204.01 -208.25 -212.055 -215.569 -218.465 -221.172 -223.737 -225.919 -227.811 -229.932 -231.445 -233.049 -234.471 -235.856 -237.276 -238.388 -239.632 -240.658 -241.464 -242.373
-187.194 -9999.0 -9999.0 -9999.0 -9999.0 -9999.0 -9999.0 -9999.0 -9999.0 -9999.0 -9999.0 -9999.0 -9999.0 -9999.0 -9999.0 -9999.0 -9999.0 -9999.0 -9999.0 -9999.0 -9999.0 -9999.0 -9999.0 -9999.0 -9999.0 -9999.0 -9999.0 -9999.0 -9999.0 -9999.0 -9999.0 -9999.0 -9999.0 -9999.0 -9999.0 -9999.0 -9999.0 -9999.0 -9999.0 -9999.0 -9999.0 -9999.0 -9999.0 -9999.0 -186.58 -187.813 -193.64 -201.53 -205.643 -210.656 -213.985 -216.778 -219.909 -222.599 -224.925 -227.017 -229.147 -230.741 -232.298 -233.586 -234.999 -236.22 -237.176 -238.26 -239.239
-9999.0 -9999.0 -9999.0 -9999.0 -9999.0 -9999.0 -9999.0 -9999.0 -9999.0 -9999.0 -9999.0 -9999.0 -9999.0 -9999.0 -9999.0 -9999.0 -9999.0 -9999.0 -9999.0 -9999.0 -9999.0 -9999.0 -9999.0 -9999.0 -9999.0 -9999.0 -9999.0 -9999.0 -9999.0 -9999.0 -9999.0 -9999.0 -9999.0 -9999.0 -9999.0 -9999.0 -9999.0 -9999.0 -9999.0 -9999.0 -9999.0 -9999.0 -9999.0 -9999.0 -9999.0 -183.939 -188.107 -191.421 -200.175 -205.923 -210.162 -213.559 -216.208 -218.732 -221.172 -223.408 -225.619 -227.079 -228.834 -230.127 -231.767 -233.102 -234.253 -235.396 -236.302
-182.547 -182.421 -182.499 -182.56 -182.239 -9999.0 -9999.0 -9999.0 -9999.0 -9999.0 -9999.0 -9999.0 -9999.0 -9999.0 -9999.0 -9999.0 -9999.0 -9999.0 -9999.0 -9999.0 -9999.0 -9999.0 -9999.0 -9999.0 -9999.0 -9999.0 -9999.0 -9999.0 -9999.0 -9999.0 -9999.0 -9999.0 -9999.0 -9999.0 -9999.0 -9999.0 -9999.0 -9999.0 -9999.0 -9999.0 -9999.0 -9999.0 -9999.0 -9999.0 -9999.0 -9999.0 -181.406 -181.654 -185.523 -199.538 -203.588 -207.242 -210.6 -213.798 -216.622 -218.819 -221.227 -223.71 -225.498 -227.184 -228.608 -230.084 -231.289 -232.676 -233.816
-193.881 -205.335 -204.229 -199.142 -191.71 -185.873 -179.449 -179.288 -9999.0 -9999.0 -9999.0 -9999.0 -9999.0 -9999.0 -9999.0 -9999.0 -9999.0 -9999.0 -9999.0 -9999.0 -9999.0 -9999.0 -9999.0 -9999.0 -9999.0 -9999.0 -9999.0 -9999.0 -9999.0 -9999.0 -9999.0 -9999.0 -9999.0 -9999.0 -9999.0 -9999.0 -9999.0 -9999.0 -9999.0 -9999.0 -9999.0 -9999.0 -9999.0 -9999.0 -9999.0 -9999.0 -9999.0 -178.909 -178.814 -187.899 -194.773 -200.743 -203.678 -207.662 -211.229 -214.423 -216.935 -219.408 -221.632 -223.798 -225.534 -227.074 -228.586 -230.046 -231.086
-177.163 -177.398 -177.432 -177.5 -187.579 -195.105 -177.553 -177.118 -9999.0 -9999.0 -9999.0 -9999.0 -9999.0 -9999.0 -9999.0 -9999.0 -9999.0 -9999.0 -9999.0 -9999.0 -9999.0 -9999.0 -9999.0 -9999.0 -9999.0 -9999.0 -9999.0 -9999.0 -9999.0 -9999.0 -9999.0 -9999.0 -9999.0 -9999.0 -9999.0 -9999.0 -9999.0 -9999.0 -9999.0 -9999.0 -9999.0 -9999.0 -9999.0 -9999.0 -9999.0 -9999.0 -9999.0 -176.614 -176.702 -176.713 -181.606 -188.451 -197.91 -202.909 -207.568 -211.108 -213.849 -216.392 -218.783 -220.507 -222.76 -224.391 -225.999 -227.692 -229.164
-174.811 -174.792 -176.569 -184.778 -185.224 -197.84 -192.569 -195.734 -186.585 -174.655 -174.315 -9999.0 -9999.0 -9999.0 -9999.0 -9999.0 -9999.0 -9999.0 -9999.0 -9999.0 -9999.0 -9999.0 -9999.0 -9999.0 -9999.0 -9999.0 -9999.0 -9999.0 -9999.0 -9999.0 -9999.0 -9999.0 -9999.0 -9999.0 -9999.0 -9999.0 -9999.0 -9999.0 -9999.0 -9999.0 -9999.0 -9999.0 -9999.0 -9999.0 -9999.0 -9999.0 -9999.0 -9999.0 -174.074 -179.453 -175.771 -196.307 -200.597 -205.104 -194.629 -213.718 -211.339 -212.388 -215.772 -216.989 -217.957 -219.261 -220.866 -222.412 -223.878
-183.356 -182.544 -186.879 -178.546 -184.073 -184.497 -182.795 -189.019 -185.568 -193.163 -172.053 -177.288 -171.789 -9999.0 -171.891 -171.923 -9999.0 -9999.0 -9999.0 -9999.0 -9999.0 -9999.0 -9999.0 -9999.0 -9999.0 -9999.0 -9999.0 -9999.0 -9999.0 -9999.0 -9999.0 -9999.0 -9999.0 -9999.0 -9999.0 -9999.0 -9999.0 -9999.0 -9999.0 -9999.0 -9999.0 -9999.0 -9999.0 -9999.0 -9999.0 -9999.0 -9999.0 -9999.0 -175.459 -178.376 -185.04 -175.294 -171.7 -185.579 -176.837 -196.763 -199.522 -200.79 -200.034 -203.428 -207.719 -212.048 -215.041 -217.221 -219.036
-172.826 -173.041 -176.536 -178.048 -180.854 -178.519 -180.896 -175.933 -186.585 -169.766 -176.876 -189.236 -188.657 -171.595 -176.62 -192.932 -180.751 -169.179 -9999.0 -9999.0 -9999.0 -9999.0 -9999.0 -9999.0 -9999.0 -9999.0 -9999.0 -9999.0 -9999.0 -9999.0 -9999.0 -9999.0 -9999.0 -9999.0 -9999.0 -9999.0 -9999.0 -9999.0 -9999.0 -9999.0 -9999.0 -9999.0 -9999.0 -9999.0 -9999.0 -9999.0 -9999.0 -9999.0 -9999.0 -169.099 -169.166 -169.079 -169.222 -168.665 -178.541 -179.984 -188.219 -190.133 -197.56 -200.758 -204.193 -207.153 -209.192 -211.713 -213.575
-167.425 -167.211 -173.116 -171.654 -173.609 -173.8 -178.699 -178.96 -179.367 -179.091 -178.037 -179.506 -181.873 -182.411 -184.075 -185.064 -169.905 -185.748 -174.429 -166.803 -169.875 -166.785 -166.862 -9999.0 -9999.0 -9999.0 -9999.0 -9999.0 -9999.0 -9999.0 -9999.0 -9999.0 -9999.0 -9999.0 -9999.0 -9999.0 -9999.0 -9999.0 -9999.0 -9999.0 -9999.0 -9999.0 -9999.0 -9999.0 -9999.0 -9999.0 -9999.0 -9999.0 -9999.0 -9999.0 -172.696 -175.604 -184.346 -195.915 -166.932 -166.693 -166.503 -179.698 -180.535 -190.151 -196.245 -199.701 -203.189 -206.145 -208.357
-165.447 -164.761 -164.67 -164.66 -168.28 -170.622 -169.249 -170.978 -169.946 -171.082 -180.948 -186.417 -181.576 -176.793 -175.74 -168.306 -179.59 -179.89 -188.131 -176.557 -164.727 -164.665 -164.468 -166.914 -164.251 -9999.0 -9999.0 -9999.0 -9999.0 -9999.0 -9999.0 -9999.0 -9999.0 -9999.0 -9999.0 -9999.0 -9999.0 -9999.0 -9999.0 -9999.0 -9999.0 -9999.0 -9999.0 -9999.0 -9999.0 -9999.0 -9999.0 -9999.0 -9999.0 -9999.0 -176.387 -172.658 -175.285 -164.966 -183.643 -181.003 -173.361 -176.54 -172.194 -179.092 -187.323 -193.949 -197.947 -200.661 -203.304
-162.307 -162.314 -162.295 -162.215 -162.204 -162.184 -166.437 -165.211 -165.071 -166.792 -165.526 -169.37 -175.663 -174.941 -180.121 -178.116 -174.203 -168.121 -183.247 -176.928 -186.61 -180.75 -173.796 -162.607 -162.034 -161.783 -9999.0 -9999.0 -9999.0 -9999.0 -9999.0 -9999.0 -9999.0 -9999.0 -9999.0 -9999.0 -9999.0 -9999.0 -9999.0 -9999.0 -9999.0 -9999.0 -9999.0 -9999.0 -9999.0 -9999.0 -9999.0 -9999.0 -9999.0 -9999.0 -163.851 -175.721 -179.305 -186.647 -170.839 -161.477 -160.947 -161.316 -168.73 -175.76 -183.263 -188.394 -192.429 -195.95 -198.744
-9999.0 -159.913 -159.886 -159.847 -9999.0 -159.792 -159.754 -159.718 -161.05 -162.273 -159.931 -164.109 -166.017 -166.02 -166.874 -168.266 -168.593 -168.97 -173.854 -178.178 -163.556 -162.255 -160.351 -160.29 -161.833 -160.871 -159.202 -9999.0 -9999.0 -9999.0 -9999.0 -9999.0 -9999.0 -9999.0 -9999.0 -9999.0 -9999.0 -9999.0 -9999.0 -9999.0 -9999.0 -9999.0 -9999.0 -9999.0 -9999.0 -9999.0 -9999.0 -9999.0 -9999.0 -9999.0 -9999.0 -159.481 -159.538 -159.429 -159.224 -158.882 -9999.0 -162.602 -158.547 -159.86 -170.485 -177.886 -183.976 -188.735 -192.593
-9999.0 -157.563 -157.561 -9999.0 -9999.0 -9999.0 -157.451 -157.31 -157.332 -157.15 -157.115 -157.174 -157.912 -160.043 -161.381 -162.688 -160.907 -164.307 -162.832 -168.216 -162.768 -157.586 -160.462 -157.108 -9999.0 -9999.0 -9999.0 -9999.0 -9999.0 -9999.0 -9999.0 -9999.0 -9999.0 -9999.0 -9999.0 -9999.0 -9999.0 -9999.0 -9999.0 -9999.0 -9999.0 -9999.0 -9999.0 -9999.0 -9999.0 -9999.0 -9999.0 -9999.0 -9999.0 -9999.0 -9999.0 -9999.0 -9999.0 -156.803 -156.673 -156.61 -156.441 -156.372 -162.599 -170.095 -176.307 -180.755 -184.159 -188.059 -190.289
-9999.0 -155.222 -155.238 -9999.0 -9999.0 -9999.0 -155.168 -155.122 -154.981 -154.854 -154.964 -154.764 -154.89 -154.795 -155.924 -160.817 -160.737 -160.771 -164.38 -160.739 -162.602 -165.224 -164.772 -166.256 -175.851 -170.537 -154.546 -9999.0 -9999.0 -9999.0 -9999.0 -9999.0 -9999.0 -9999.0 -9999.0 -9999.0 -9999.0 -9999.0 -9999.0 -9999.0 -9999.0 -9999.0 -9999.0 -9999.0 -9999.0 -9999.0 -9999.0 -9999.0 -9999.0 -9999.0 -9999.0 -9999.0 -9999.0 -154.62 -155.147 -154.332 -154.05 -158.828 -157.429 -168.566 -175.721 -179.539 -183.352 -186.528 -189.037
-9999.0 -9999.0 -9999.0 -9999.0 -9999.0 -153.347 -154.137 -153.635 -153.489 -152.636 -152.71 -152.521 -152.493 -9999.0 -153.694 -154.67 -154.769 -155.609 -156.841 -158.511 -159.556 -159.317 -163.277 -163.005 -170.411 -173.628 -176.861 -152.834 -152.619 -164.384 -162.542 -152.593 -9999.0 -9999.0 -9999.0 -9999.0 -9999.0 -9999.0 -9999.0 -9999.0 -9999.0 -9999.0 -9999.0 -9999.0 -9999.0 -9999.0 -9999.0 -9999.0 -9999.0 -9999.0 -9999.0 -9999.0 -155.709 -152.482 -157.713 -152.155 -151.837 -154.511 -155.327 -158.806 -171.879 -177.263 -181.251 -184.472 -187.097
-9999.0 -9999.0 -9999.0 -9999.0 -9999.0 -150.591 -150.564 -150.51 -150.457 -150.487 -9999.0 -9999.0 -9999.0 -9999.0 -150.363 -150.563 -151.452 -151.57 -153.104 -155.983 -157.087 -156.675 -157.095 -161.409 -159.762 -171.137 -175.869 -183.919 -183.942 -174.538 -154.718 -150.242 -150.101 -150.354 -151.012 -9999.0 -9999.0 -9999.0 -9999.0 -9999.0 -9999.0 -9999.0 -9999.0 -9999.0 -9999.0 -9999.0 -9999.0 -9999.0 -9999.0 -9999.0 -9999.0 -9999.0 -151.532 -172.108 -170.656 -165.55 -160.63 -160.171 -151.407 -160.942 -169.525 -174.989 -178.892 -181.656 -184.906
-9999.0 -9999.0 -9999.0 -9999.0 -9999.0 -9999.0 -9999.0 -9999.0 -9999.0 -9999.0 -9999.0 -9999.0 -9999.0 -148.125 -148.225 -148.516 -148.735 -148.551 -148.664 -148.537 -149.628 -151.268 -151.518 -154.739 -150.914 -153.486 -160.248 -168.628 -184.98 -172.242 -156.259 -153.58 -159.038 -158.181 -167.52 -170.694 -151.103 -150.245 -9999.0 -9999.0 -9999.0 -9999.0 -9999.0 -9999.0 -9999.0 -9999.0 -9999.0 -9999.0 -9999.0 -9999.0 -9999.0 -9999.0 -148.421 -148.355 -155.921 -153.917 -149.379 -156.931 -156.816 -152.502 -162.684 -170.772 -176.629 -181.039 -184.393
-9999.0 -9999.0 -9999.0 -9999.0 -9999.0 -9999.0 -9999.0 -9999.0 -9999.0 -9999.0 -9999.0 -145.947 -146.215 -146.933 -147.082 -147.54 -146.738 -146.362 -146.48 -146.469 -146.431 -146.403 -147.577 -146.745 -145.732 -145.639 -150.338 -157.259 -157.582 -163.418 -161.742 -171.154 -172.485 -165.586 -147.115 -147.479 -147.985 -9999.0 -9999.0 -9999.0 -9999.0 -9999.0 -9999.0 -9999.0 -9999.0 -9999.0 -9999.0 -9999.0 -9999.0 -9999.0 -9999.0 -9999.0 -151.44 -154.826 -176.971 -178.125 -172.771 -163.394 -162.625 -161.478 -169.238 -174.572 -177.411 -181.642 -185.283
-9999.0 -9999.0 -9999.0 -9999.0 -9999.0 -9999.0 -9999.0 -9999.0 -9999.0 -9999.0 -9999.0 -143.828 -143.897 -144.837 -146.018 -145.846 -144.526 -145.658 -146.68 -148.547 -148.911 -149.697 -148.303 -144.471 -143.577 -143.637 -9999.0 -9999.0 -143.572 -143.616 -149.166 -158.022 -151.373 -152.771 -144.908 -145.274 -9999.0 -9999.0 -9999.0 -9999.0 -9999.0 -9999.0 -9999.0 -9999.0 -9999.0 -9999.0 -9999.0 -9999.0 -9999.0 -9999.0 -9999.0 -9999.0 -9999.0 -154.541 -165.016 -154.248 -154.229 -154.094 -150.858 -162.652 -169.954 -174.583 -177.191 -181.444 -184.911
-9999.0 -9999.0 -9999.0 -9999.0 -141.887 -143.085 -143.309 -141.998 -141.788 -142.025 -141.793 -142.3 -142.824 -144.982 -144.298 -144.555 -143.682 -143.428 -144.924 -148.533 -148.848 -147.635 -148.362 -148.69 -143.437 -141.52 -141.567 -9999.0 -9999.0 -141.727 -141.704 -146.742 -148.018 -9999.0 -9999.0 -9999.0 -9999.0 -9999.0 -9999.0 -9999.0 -9999.0 -9999.0 -9999.0 -9999.0 -9999.0 -9999.0 -9999.0 -9999.0 -9999.0 -9999.0 -9999.0 -9999.0 -9999.0 -9999.0 -9999.0 -150.649 -149.451 -142.733 -153.517 -160.359 -168.983 -173.788 -177.802 -181.445 -185.269
-9999.0 -9999.0 -9999.0 -140.533 -143.935 -143.721 -142.477 -140.309 -139.931 -139.723 -139.514 -139.657 -142.2 -142.483 -142.36 -142.158 -141.509 -143.849 -141.539 -144.407 -146.005 -149.015 -146.772 -150.439 -151.051 -151.842 -147.483 -148.448 -139.59 -9999.0 -9999.0 -9999.0 -140.201 -9999.0 -9999.0 -9999.0 -9999.0 -9999.0 -9999.0 -9999.0 -9999.0 -9999.0 -9999.0 -9999.0 -9999.0 -9999.0 -9999.0 -9999.0 -9999.0 -9999.0 -9999.0 -9999.0 -9999.0 -9999.0 -9999.0 -141.115 -142.617 -145.82 -140.761 -152.452 -159.569 -170.612 -176.22 -181.586 -185.819
-9999.0 -9999.0 -9999.0 -9999.0 -137.641 -137.728 -137.822 -137.695 -137.57 -137.481 -137.384 -137.333 -137.281 -137.418 -140.373 -143.228 -143.241 -141.073 -141.556 -140.928 -140.985 -143.281 -148.101 -149.352 -150.056 -149.122 -150.024 -152.69 -145.235 -137.705 -9999.0 -9999.0 -9999.0 -9999.0 -9999.0 -9999.0 -9999.0 -9999.0 -9999.0 -9999.0 -9999.0 -9999.0 -9999.0 -9999.0 -9999.0 -9999.0 -9999.0 -9999.0 -9999.0 -9999.0 -9999.0 -9999.0 -9999.0 -9999.0 -9999.0 -137.831 -141.459 -139.437 -148.715 -146.921 -152.574 -168.2 -174.369 -179.586 -183.476
-9999.0 -9999.0 -9999.0 -9999.0 -135.448 -135.506 -135.548 -9999.0 -9999.0 -9999.0 -9999.0 -9999.0 -9999.0 -9999.0 -135.107 -135.003 -137.75 -141.245 -143.054 -147.065 -142.377 -138.838 -135.274 -136.549 -140.978 -147.893 -147.56 -151.866 -147.892 -140.482 -135.945 -9999.0 -9999.0 -9999.0 -9999.0 -9999.0 -9999.0 -9999.0 -9999.0 -9999.0 -9999.0 -9999.0 -9999.0 -9999.0 -9999.0 -9999.0 -9999.0 -9999.0 -9999.0 -9999.0 -9999.0 -9999.0 -9999.0 -9999.0 -9999.0 -9999.0 -135.943 -146.542 -151.764 -162.277 -159.274 -166.982 -174.45 -179.32 -182.825
-9999.0 -9999.0 -9999.0 -133.281 -133.357 -133.384 -133.332 -9999.0 -9999.0 -9999.0 -9999.0 -9999.0 -9999.0 -9999.0 -9999.0 -9999.0 -139.011 -136.066 -138.959 -139.327 -143.373 -147.013 -145.618 -133.368 -133.247 -133.468 -136.983 -142.674 -139.771 -135.035 -133.837 -9999.0 -9999.0 -9999.0 -9999.0 -9999.0 -9999.0 -9999.0 -9999.0 -9999.0 -9999.0 -9999.0 -9999.0 -9999.0 -9999.0 -9999.0 -9999.0 -9999.0 -9999.0 -9999.0 -9999.0 -9999.0 -9999.0 -9999.0 -9999.0 -9999.0 -9999.0 -136.055 -135.635 -144.901 -154.132 -168.942 -173.804 -178.024 -182.063
-9999.0 -9999.0 -9999.0 -131.102 -131.147 -9999.0 -9999.0 -9999.0 -9999.0 -9999.0 -9999.0 -130.956 -9999.0 -9999.0 -9999.0 -9999.0 -9999.0 -130.821 -130.737 -130.781 -130.784 -134.938 -141.683 -145.533 -144.46 -131.623 -131.451 -131.323 -131.526 -131.632 -131.76 -9999.0 -9999.0 -9999.0 -9999.0 -9999.0 -9999.0 -9999.0 -9999.0 -9999.0 -9999.0 -9999.0 -9999.0 -9999.0 -9999.0 -9999.0 -9999.0 -9999.0 -9999.0 -9999.0 -9999.0 -9999.0 -9999.0 -9999.0 -9999.0 -9999.0 -9999.0 -9999.0 -9999.0 -139.949 -154.198 -160.502 -169.532 -173.619 -178.923
-129.366 -128.985 -9999.0 -129.919 -133.132 -134.829 -135.397 -135.19 -134.778 -138.58 -131.396 -134.405 -135.276 -128.915 -128.907 -9999.0 -9999.0 -9999.0 -9999.0 -9999.0 -9999.0 -128.753 -128.842 -129.398 -132.603 -137.5 -142.015 -129.447 -9999.0 -9999.0 -129.729 -129.888 -9999.0 -9999.0 -9999.0 -9999.0 -9999.0 -9999.0 -9999.0 -9999.0 -9999.0 -9999.0 -9999.0 -9999.0 -9999.0 -9999.0 -9999.0 -9999.0 -9999.0 -9999.0 -9999.0 -9999.0 -9999.0 -9999.0 -9999.0 -9999.0 -9999.0 -9999.0 -9999.0 -130.308 -137.473 -143.761 -157.462 -162.862 -168.732
