setup_data/66100_caitjcampbell_Annual_NoAm_Map_H_1980_2010/66100_caitjcampbell_Annual_NoAm_Map_H_1980_2010/predkrig.asc
ncols 260
nrows 141
xllcorner -177.1999969482422
yllcorner 6.0
cellsize 0.5
NODATA_value -9999
[rows 58 to 86 of 141, columns 130 to 194 of 260]
-118.847 -117.004 -120.193 -118.129 -115.699 -115.28 -114.365 -111.355 -108.478 -109.151 -105.868 -104.016 -102.589 -101.526 -97.7758 -94.9403 -93.7833 -91.4288 -89.9013 -87.5533 -85.2729 -84.4916 -82.177 -82.211 -81.2753 -80.1434 -78.3414 -77.5163 -76.4999 -75.8494 -74.7411 -74.7128 -75.6251 -77.6596 -76.5865 -76.3672 -76.6562 -77.0607 -77.4874 -77.9886 -78.9649 -78.056 -75.2351 -76.6787 -76.294 -76.4012 -78.091 -81.1382 -79.0152 -79.3401 -78.1965 -79.583 -81.8261 -81.6855 -81.6975 -85.9917 -86.465 -87.9193 -87.4986 -88.1156 -88.2459 -88.4968 -88.8795 -88.8094 -88.7018
-115.254 -122.265 -122.19 -123.252 -120.802 -120.302 -114.365 -111.081 -108.45 -107.495 -105.289 -103.527 -101.48 -97.3566 -95.836 -94.4703 -92.7264 -90.229 -88.5604 -86.1029 -84.2712 -81.8061 -80.1987 -78.861 -77.6829 -77.2435 -75.8745 -74.3682 -73.4499 -72.3342 -71.6132 -71.5674 -72.6471 -73.119 -72.8386 -72.8505 -73.045 -73.2211 -73.9112 -74.0873 -72.2807 -73.3003 -74.7356 -73.3022 -74.2001 -76.1882 -76.876 -77.0087 -79.8918 -76.5515 -76.3636 -77.9028 -79.3301 -79.8959 -80.1762 -81.307 -83.9917 -84.5665 -85.1852 -85.8357 -86.2695 -86.1017 -85.4787 -85.1877 -85.5116
-118.689 -113.996 -118.309 -125.428 -116.745 -113.335 -111.201 -110.733 -108.907 -105.625 -104.285 -101.895 -100.113 -97.9453 -96.0592 -94.4744 -91.6403 -89.7778 -87.4486 -84.8025 -82.821 -79.8904 -78.2723 -76.6651 -75.6039 -74.9932 -73.9063 -71.5644 -70.5407 -69.6183 -68.8113 -68.4856 -69.2982 -69.9443 -69.5787 -69.8905 -69.7298 -69.996 -69.8263 -70.4321 -70.2789 -71.6647 -72.6376 -73.2252 -73.8384 -74.5503 -75.116 -75.197 -75.8089 -75.6449 -75.8701 -76.3027 -76.8899 -78.2894 -78.9004 -79.1267 -80.7153 -79.573 -80.4841 -80.9672 -81.4328 -81.9933 -82.3922 -82.2659 -82.2474
-118.691 -114.942 -118.826 -113.723 -115.015 -112.306 -110.848 -109.177 -107.369 -105.885 -106.494 -102.798 -102.28 -97.4874 -94.9559 -93.2594 -90.7068 -88.2638 -85.4659 -83.2893 -79.975 -77.8488 -76.5945 -74.6107 -72.9898 -72.2179 -70.279 -68.6943 -67.7889 -68.7608 -66.3674 -65.7233 -65.8603 -66.5151 -66.0974 -66.0063 -66.1307 -65.8554 -65.9345 -66.6402 -67.5708 -68.0357 -68.5891 -69.426 -70.2367 -70.8953 -71.9811 -72.159 -71.5993 -71.9161 -72.12 -72.7225 -73.4559 -74.5089 -75.3687 -75.9271 -75.973 -76.2266 -77.4216 -78.3819 -78.2802 -78.6568 -78.8763 -79.6676 -80.2072
-123.722 -125.236 -119.944 -124.328 -123.29 -119.944 -109.23 -116.264 -112.751 -107.034 -106.379 -102.636 -101.13 -97.7285 -95.7388 -92.8192 -90.1777 -86.8212 -84.0834 -81.541 -78.8327 -76.6678 -73.9442 -72.8922 -71.5104 -69.8122 -67.4491 -66.0066 -65.6701 -66.1658 -66.0558 -63.1023 -62.683 -62.6227 -63.0266 -62.8103 -62.6779 -62.4521 -62.8347 -63.3902 -63.9312 -64.2477 -64.887 -66.3777 -66.5628 -67.3454 -68.8679 -68.255 -67.5136 -67.93 -68.9923 -68.301 -70.0095 -71.4743 -73.2544 -74.5439 -75.108 -75.1537 -73.9895 -74.1729 -75.3425 -76.9595 -75.9562 -76.6041 -77.5879
-122.138 -119.33 -119.09 -121.405 -125.334 -120.814 -111.846 -109.259 -110.419 -119.029 -104.151 -103.525 -100.828 -98.1964 -95.3966 -93.6047 -88.1826 -85.2674 -82.7793 -80.7058 -77.6336 -74.9574 -72.3486 -70.834 -69.3496 -67.4261 -65.3107 -63.8109 -63.2477 -63.6017 -62.9997 -62.4357 -60.3059 -59.9356 -60.0109 -59.9461 -59.8068 -59.8675 -59.7341 -60.8673 -60.4382 -60.839 -61.4105 -62.7344 -62.8612 -63.7617 -63.7181 -64.2145 -64.253 -65.5982 -64.214 -65.9564 -68.8525 -70.0411 -71.7664 -72.3978 -72.996 -72.6811 -71.964 -72.7405 -72.3919 -73.5265 -74.7527 -73.5032 -75.2862
-115.778 -116.488 -118.321 -119.308 -125.373 -121.499 -115.343 -109.475 -106.569 -108.929 -117.286 -102.693 -100.499 -99.2133 -95.4553 -94.2203 -96.7611 -90.3029 -81.9541 -79.0416 -77.4924 -74.5365 -71.6549 -69.3606 -67.1711 -65.9762 -65.0786 -62.08 -60.9108 -61.4467 -60.7063 -60.3535 -59.7246 -58.164 -57.5254 -57.2189 -57.1501 -57.5921 -58.1367 -57.8912 -58.0053 -58.5294 -58.3989 -59.4665 -59.4843 -60.7763 -60.3896 -60.994 -62.2486 -62.0091 -61.1893 -63.0031 -65.6573 -68.1863 -68.733 -69.8192 -69.4872 -69.2534 -69.4296 -70.0532 -70.6787 -72.4358 -72.6526 -74.963 -72.7987
-112.076 -116.467 -123.328 -122.553 -121.741 -121.243 -117.487 -109.474 -106.972 -107.018 -108.563 -102.501 -101.717 -98.9062 -95.0278 -91.624 -91.9761 -89.2204 -81.5199 -78.8051 -75.2779 -72.7927 -71.0895 -67.8779 -65.8196 -63.5065 -62.7886 -60.8707 -59.0075 -58.9238 -58.6094 -57.9489 -57.6347 -56.8031 -56.3435 -55.4949 -55.2298 -55.7518 -55.6747 -56.0655 -55.2744 -56.041 -55.9498 -57.0464 -56.5861 -56.7948 -58.099 -58.3913 -59.2728 -58.4735 -58.76 -61.536 -62.8532 -64.3092 -65.0488 -65.3522 -65.9397 -66.706 -68.1054 -67.515 -67.7613 -69.9975 -71.0433 -71.9437 -71.3495
-113.198 -116.428 -120.435 -117.523 -120.497 -127.096 -110.885 -108.805 -107.617 -108.351 -106.606 -104.286 -103.881 -98.4508 -94.7164 -90.9391 -87.4339 -84.4608 -80.6734 -78.7724 -77.4674 -74.0122 -70.9431 -68.6618 -66.5131 -64.1692 -61.4702 -59.5525 -58.5887 -57.2512 -55.9607 -55.6248 -55.1624 -54.9109 -54.2804 -53.825 -53.415 -53.4149 -53.3491 -53.4086 -53.1776 -53.6 -53.253 -52.9271 -53.962 -54.5647 -54.7246 -56.0285 -56.0062 -55.7371 -56.5043 -58.0039 -59.7888 -61.3004 -62.0795 -62.5835 -63.4177 -64.9107 -65.3908 -65.2455 -65.8407 -67.1552 -68.3466 -67.8883 -67.8896
-114.11 -115.449 -112.927 -120.098 -114.734 -118.366 -119.861 -109.903 -112.623 -111.64 -109.884 -107.031 -104.778 -98.6329 -95.5873 -93.3692 -90.7718 -84.9444 -83.1296 -79.6889 -76.6159 -73.8116 -70.7302 -68.5081 -65.6297 -62.7913 -61.1682 -58.6904 -57.2075 -56.1111 -54.406 -53.6858 -53.6295 -52.8887 -52.293 -51.6934 -51.3142 -51.4932 -50.7117 -50.3748 -50.7571 -51.0133 -50.3617 -51.0996 -51.4881 -51.5685 -52.2543 -53.1999 -53.4693 -52.8237 -53.1541 -54.9247 -56.8774 -58.0207 -59.4605 -60.4597 -61.4677 -62.7464 -62.2428 -62.8028 -63.5299 -64.2512 -64.621 -64.8647 -64.4302
-108.064 -113.149 -115.397 -118.372 -113.72 -112.334 -113.656 -111.985 -111.531 -109.49 -108.351 -108.15 -106.516 -104.373 -94.6576 -90.931 -88.9961 -85.9395 -82.2878 -79.0049 -76.6629 -73.6856 -70.5629 -67.1829 -65.0359 -63.0019 -60.4783 -58.3339 -56.7214 -55.0842 -53.8376 -52.2387 -51.7604 -51.5956 -50.7805 -49.8357 -49.4557 -49.2521 -48.7473 -48.2923 -48.0132 -48.276 -48.1544 -48.0416 -48.6286 -48.8542 -49.1263 -50.1702 -50.5231 -50.4389 -51.0871 -52.8321 -54.4782 -55.777 -57.0672 -58.2255 -59.1145 -58.9614 -59.6493 -60.2417 -60.6401 -61.0381 -61.4613 -61.7689 -62.048
-105.151 -112.181 -111.993 -112.285 -110.182 -111.272 -111.228 -110.391 -109.722 -109.186 -107.256 -107.91 -105.09 -102.131 -96.6575 -91.9219 -87.2974 -83.189 -80.6985 -77.7192 -75.5162 -72.4768 -69.5948 -66.3319 -63.835 -61.6163 -59.1771 -57.0042 -55.454 -53.729 -52.5081 -51.0423 -49.6149 -49.5516 -49.5319 -48.347 -47.5463 -47.0272 -46.6688 -46.154 -45.7379 -45.4356 -45.4541 -45.2051 -45.3332 -46.0025 -47.2916 -47.0956 -47.9381 -48.3765 -49.3117 -50.8064 -51.9005 -53.3071 -54.7546 -55.4063 -55.8936 -56.2762 -56.9267 -57.6001 -58.0821 -58.6203 -60.4186 -60.9353 -62.3566
-102.455 -111.172 -110.556 -110.899 -109.969 -109.06 -111.6 -109.106 -108.206 -109.788 -113.545 -109.396 -104.567 -105.947 -97.4079 -92.0371 -87.3289 -83.6037 -80.0132 -76.4118 -73.1302 -70.0116 -66.8096 -65.1118 -62.8478 -60.1938 -57.431 -55.2549 -53.5449 -52.3545 -51.3201 -49.2025 -48.4441 -47.8478 -47.5125 -47.1756 -46.0408 -45.4217 -44.537 -44.069 -43.4333 -43.2153 -42.6127 -43.2398 -43.5942 -43.5042 -43.8983 -44.4737 -45.3938 -46.2137 -47.2372 -48.4355 -49.7372 -50.9675 -51.8352 -52.4889 -53.4746 -54.3769 -55.3253 -56.3219 -56.8902 -57.6238 -57.6621 -58.3202 -59.4903
-99.259 -105.762 -117.438 -118.59 -118.986 -111.08 -108.132 -104.503 -106.066 -106.696 -106.444 -106.552 -111.798 -101.249 -91.2532 -88.4284 -84.9354 -81.0393 -77.7477 -74.7179 -71.3087 -68.189 -65.6388 -62.7763 -60.8603 -58.0911 -56.021 -54.2974 -52.2377 -50.7442 -49.5383 -48.0434 -46.8106 -45.6399 -45.2393 -45.3118 -44.3267 -43.9001 -43.2514 -42.3523 -41.3219 -41.0974 -40.762 -40.6371 -41.0093 -41.6332 -41.9544 -42.4714 -43.0468 -44.1893 -45.0221 -46.085 -47.2834 -48.5892 -49.7175 -50.687 -52.1357 -52.7329 -53.7427 -55.3593 -54.6551 -55.6141 -56.3252 -56.6677 -56.2991
-99.2328 -101.096 -105.424 -100.508 -99.091 -98.4519 -100.817 -99.8337 -106.557 -104.765 -103.785 -102.069 -104.163 -98.9185 -87.5509 -84.8537 -81.3507 -78.6213 -76.1559 -72.5156 -69.2451 -66.5766 -63.1032 -60.0732 -58.3727 -56.1156 -54.4746 -52.4031 -50.62 -49.0396 -47.7102 -46.956 -45.198 -43.7926 -43.5575 -42.5552 -42.4894 -41.8069 -41.5377 -40.6198 -39.445 -38.5678 -38.8517 -38.4341 -38.3496 -38.8208 -39.7798 -40.3714 -40.9248 -41.6994 -42.9452 -44.4279 -45.4526 -46.8343 -48.322 -49.175 -50.5686 -51.1257 -51.4213 -52.5847 -52.7031 -53.2759 -54.0709 -54.3254 -53.3819
-96.0563 -98.8055 -101.721 -103.088 -95.6137 -98.8905 -99.7757 -104.09 -102.385 -109.27 -98.6428 -104.264 -108.507 -101.067 -85.4789 -84.0864 -80.1141 -77.5548 -74.1866 -70.6317 -66.9937 -64.7584 -61.6491 -59.1109 -56.719 -54.0402 -51.5604 -50.4728 -48.3364 -47.2817 -46.1458 -44.6883 -44.1453 -43.013 -41.4212 -41.3591 -40.5629 -39.3073 -39.1592 -38.7986 -37.8067 -37.5058 -37.3129 -36.6887 -36.9226 -36.9234 -37.6407 -38.0189 -38.6746 -39.4176 -40.9509 -42.1076 -43.3847 -45.0716 -45.8918 -47.1703 -47.8617 -49.4045 -49.1295 -50.396 -50.9768 -51.1103 -52.2929 -52.857 -52.07
-93.3822 -104.893 -91.9986 -91.3773 -93.5091 -95.5894 -90.9708 -95.3348 -94.2613 -101.427 -99.0566 -106.751 -99.1068 -103.434 -86.2796 -84.3231 -79.3633 -75.3421 -71.9668 -68.6565 -65.4541 -62.4922 -59.6917 -57.1341 -54.7198 -52.5545 -50.3463 -48.2389 -46.6619 -45.5729 -43.8374 -42.8407 -41.6264 -40.7035 -40.1738 -39.2079 -38.2638 -37.8752 -37.3276 -37.1072 -36.516 -35.971 -35.6876 -35.1451 -35.0533 -35.1843 -35.3943 -35.998 -36.5848 -37.234 -38.5423 -40.408 -41.1299 -43.1943 -44.339 -44.576 -46.7718 -47.6189 -48.3764 -48.5506 -49.1085 -49.2771 -50.2148 -50.9074 -52.2035
-90.0195 -95.2049 -87.9262 -85.3924 -85.4494 -86.7084 -88.4832 -93.778 -87.0366 -93.9343 -96.8412 -101.409 -95.574 -92.3533 -91.3454 -77.4487 -74.6846 -71.2483 -67.6 -65.6723 -62.4019 -59.5514 -56.5015 -53.9876 -52.1315 -50.0191 -48.4333 -46.7624 -45.3185 -43.4085 -42.5338 -42.0942 -40.6652 -39.6564 -38.6249 -38.1618 -37.1909 -36.5789 -35.7454 -34.981 -34.6 -33.762 -34.4562 -33.4299 -33.3257 -33.101 -33.6751 -33.7474 -34.5312 -35.2828 -36.5996 -38.3375 -39.6237 -41.3509 -42.4749 -43.919 -45.0315 -45.6694 -46.2219 -47.0514 -47.1838 -48.6887 -49.3402 -50.8767 -51.6229
-84.4565 -93.7768 -80.633 -79.3952 -81.5042 -84.9257 -83.5744 -85.7159 -94.6485 -96.691 -95.2351 -90.901 -86.4337 -83.8049 -75.0275 -70.4955 -68.4362 -65.2315 -63.3567 -60.1436 -58.9311 -56.3407 -53.7103 -51.9559 -49.8017 -47.85 -46.3899 -44.7226 -43.5654 -42.2794 -40.9581 -40.4578 -38.9252 -38.1621 -37.1577 -36.0749 -35.7516 -34.9891 -34.4361 -33.7186 -33.7113 -33.4583 -32.6203 -31.9715 -31.4591 -31.7454 -31.7894 -31.9432 -32.6236 -33.6653 -35.1538 -36.6158 -38.9482 -39.6685 -41.1578 -42.7479 -43.7794 -44.3274 -45.2831 -45.9478 -46.7517 -48.1102 -49.2622 -54.5214 -52.8331
-84.3883 -77.0814 -77.0465 -71.8437 -86.4911 -82.2871 -82.5978 -86.5134 -96.4555 -97.803 -92.7192 -84.0992 -80.9871 -87.7048 -73.5273 -70.6878 -65.4528 -62.5252 -60.164 -58.1478 -54.8678 -52.5656 -50.954 -49.3551 -47.6078 -46.0973 -44.5205 -42.8138 -41.2562 -40.1221 -39.2415 -38.9866 -37.0607 -36.2528 -35.7525 -35.0631 -34.5206 -34.4203 -34.2289 -33.5343 -33.1678 -33.1501 -33.3759 -31.9918 -31.022 -30.0453 -30.4371 -30.6748 -31.5588 -32.514 -33.6109 -35.6602 -37.4874 -38.4783 -40.0685 -41.366 -42.1971 -43.8746 -44.5534 -45.3017 -47.7413 -49.614 -52.3081 -49.7866 -50.2222
-68.5273 -69.964 -68.7507 -72.105 -72.1673 -72.082 -74.3117 -80.6052 -80.2132 -82.6031 -79.0477 -82.9251 -76.8884 -76.1752 -74.3286 -66.0989 -62.972 -62.4448 -58.4796 -54.8899 -51.8234 -49.6256 -47.845 -46.3953 -44.421 -42.5645 -41.6543 -40.1319 -39.025 -38.1529 -37.1884 -36.2077 -35.2536 -34.78 -34.2817 -34.0729 -34.2529 -33.9906 -34.4612 -33.6125 -33.1563 -32.184 -30.9714 -30.1419 -29.6807 -29.0049 -29.0693 -29.566 -30.9771 -31.6608 -32.9177 -34.3034 -35.6743 -37.064 -38.5562 -39.946 -41.5152 -43.1678 -43.7188 -46.0365 -47.0503 -49.5008 -47.7955 -46.9802 -44.6167
-62.3478 -64.6479 -65.6096 -71.019 -67.4503 -69.5524 -69.9045 -69.9763 -70.4396 -72.7641 -76.5738 -76.2986 -74.3268 -77.5961 -69.7933 -63.142 -63.727 -58.2567 -54.7284 -51.5103 -48.877 -46.2303 -44.8536 -43.4751 -42.1045 -40.2456 -39.0191 -37.8092 -36.4553 -35.9209 -35.4856 -34.7239 -33.3844 -33.116 -32.8506 -33.6009 -34.1448 -32.5944 -31.573 -32.3781 -31.5043 -30.8909 -29.2406 -28.7763 -28.3764 -28.2481 -28.7668 -29.2004 -29.5762 -31.0147 -31.9194 -33.476 -34.7804 -35.9413 -37.4763 -39.4038 -39.6353 -43.92 -43.0761 -44.0002 -45.0053 -48.9979 -45.6519 -47.3155 -41.2059
-66.539 -57.8311 -58.6889 -63.7746 -66.1166 -65.6414 -74.8933 -65.9437 -68.1545 -69.8355 -70.5444 -66.7164 -65.9671 -76.7634 -65.9451 -59.1373 -57.9838 -54.3344 -51.1044 -48.7109 -46.3427 -44.6414 -43.3452 -41.5028 -40.6363 -39.8192 -37.7748 -36.2307 -35.2939 -34.9899 -34.0563 -33.2716 -32.0497 -31.9147 -32.7918 -32.6964 -32.4268 -33.3993 -31.4281 -29.5236 -29.8979 -29.163 -27.9506 -28.3479 -27.727 -27.7769 -28.0052 -28.916 -29.2766 -30.7889 -31.0378 -32.1608 -33.1613 -35.4811 -38.326 -41.0925 -37.9155 -38.6826 -39.5026 -41.2115 -45.3941 -43.7505 -39.4078 -39.192 -38.7133
-56.6278 -52.636 -54.5086 -55.9911 -60.5046 -62.0858 -64.9289 -64.8166 -64.4044 -64.1607 -63.1219 -65.6447 -64.0289 -66.8294 -60.3224 -56.4945 -53.7088 -50.9106 -48.1158 -45.1224 -44.445 -41.5333 -41.6589 -40.1022 -38.666 -37.194 -36.4189 -35.901 -34.1511 -33.5758 -32.6605 -31.7182 -31.6807 -30.4693 -30.5356 -31.725 -32.7793 -33.5049 -32.4928 -31.0337 -30.5921 -27.8558 -27.378 -27.3273 -27.3552 -27.8194 -27.8515 -28.3564 -28.9677 -29.9649 -30.4996 -31.3165 -33.088 -35.8822 -37.0836 -34.9399 -35.9854 -39.6632 -45.7601 -41.8265 -38.0522 -37.8092 -36.9752 -36.3865 -35.4354
-55.4481 -53.9189 -49.6054 -53.0411 -53.5214 -56.0487 -59.5535 -62.9475 -60.7915 -64.726 -57.0198 -65.2187 -59.0278 -58.5049 -53.5854 -51.0284 -49.6226 -46.0886 -45.1633 -44.9021 -42.9295 -41.8008 -40.4011 -38.4402 -36.4155 -35.411 -34.2321 -33.6004 -32.7697 -32.3881 -31.5729 -30.9164 -30.0825 -30.0294 -29.1653 -29.0993 -29.1782 -31.0573 -27.8437 -27.6974 -27.9475 -27.0498 -26.9367 -26.8677 -27.1358 -27.2646 -27.4435 -27.8652 -28.2093 -29.2596 -30.1768 -30.2212 -34.3604 -31.5825 -32.9887 -34.153 -41.4219 -38.0779 -41.8257 -38.8642 -34.8192 -34.1971 -34.1664 -33.7096 -32.66
-43.8727 -53.6308 -51.2722 -50.9721 -49.7018 -52.2627 -56.0943 -58.4945 -58.8365 -55.7594 -53.1681 -55.8727 -55.1222 -55.3558 -51.537 -48.2638 -48.2698 -46.606 -45.0473 -43.0142 -41.7364 -40.0887 -36.147 -35.2252 -33.897 -32.8651 -32.7063 -31.9865 -31.8785 -30.8978 -30.897 -29.399 -28.9604 -29.8833 -28.5001 -31.6032 -29.2082 -28.3186 -27.924 -27.4975 -26.6604 -26.5589 -26.4752 -26.5309 -26.4664 -27.451 -27.0415 -27.301 -27.82 -27.7197 -28.3719 -30.2947 -29.3535 -34.4232 -30.8071 -33.235 -37.7407 -35.729 -32.113 -32.4907 -32.134 -31.2638 -31.1408 -31.2984 -30.0386
-45.2227 -42.6201 -47.4991 -50.3122 -51.9445 -53.8258 -56.1399 -57.5662 -58.6347 -58.6667 -50.8619 -52.9046 -54.1784 -53.8158 -48.8706 -45.6918 -45.5509 -43.6796 -42.5455 -41.1696 -40.0217 -38.7702 -35.713 -33.7303 -32.4602 -31.7614 -30.5092 -29.9722 -29.7919 -29.5268 -28.5513 -28.0297 -27.6551 -27.2719 -27.8761 -28.0326 -27.7015 -26.4863 -25.9005 -26.0123 -25.9276 -25.9496 -25.9388 -25.9907 -26.1591 -26.6894 -26.3117 -26.0875 -27.2028 -27.5828 -28.1735 -27.9374 -28.6092 -28.5423 -29.352 -30.8552 -31.1329 -30.7021 -30.3486 -29.9124 -29.6157 -29.4731 -29.2198 -28.3972 -27.8238
-38.8466 -40.8551 -39.8851 -46.0067 -47.7259 -52.8253 -56.11 -56.9429 -55.5244 -56.5815 -47.1212 -48.5027 -49.445 -51.0717 -46.6981 -43.6173 -43.3192 -43.2658 -41.369 -39.716 -38.3705 -37.3395 -36.3566 -33.0812 -31.249 -30.0614 -29.6778 -28.9126 -28.4416 -29.0722 -27.7281 -26.793 -26.372 -26.1754 -25.8294 -25.5755 -25.2363 -25.3196 -25.2784 -25.4177 -25.2065 -25.256 -25.3412 -25.3122 -25.8662 -25.6222 -25.3229 -24.8876 -25.6163 -25.7766 -25.5595 -27.1575 -27.0202 -28.6212 -29.4271 -29.329 -29.0526 -28.8335 -28.742 -28.0546 -27.5588 -27.5348 -26.7113 -26.1331 -25.6302
-37.5112 -37.1273 -41.7633 -36.5895 -43.9281 -43.9739 -43.6084 -54.6143 -54.4949 -47.2259 -46.6937 -44.1142 -47.6993 -52.4812 -45.6198 -41.2828 -41.4936 -41.6994 -39.9248 -38.3995 -37.1718 -35.8265 -33.1817 -31.7687 -30.3529 -29.9385 -28.671 -28.7036 -27.4514 -27.2942 -26.0197 -25.7712 -25.5473 -25.1762 -25.0573 -24.7595 -24.3643 -24.6429 -24.7812 -24.5563 -24.5458 -24.4938 -24.5402 -24.5797 -25.2677 -25.4601 -25.2428 -24.2502 -24.0242 -24.1596 -24.7609 -25.0593 -26.7692 -27.0165 -27.1354 -27.4854 -27.2326 -26.8345 -26.5607 -26.3987 -25.6556 -25.2167 -24.7323 -24.2575 -23.9142
