setup_data/66100_caitjcampbell_Annual_NoAm_Map_H_1980_2010/66100_caitjcampbell_Annual_NoAm_Map_H_1980_2010/predreg.asc
ncols 260
nrows 141
xllcorner -177.1999969482422
yllcorner 6.0
cellsize 0.5
NODATA_value -9999
[rows 29 to 57 of 141, columns 130 to 194 of 260]
-133.471 -133.871 -135.13 -134.988 -135.255 -135.272 -135.427 -137.031 -135.482 -135.794 -135.878 -135.87 -136.338 -136.875 -135.208 -135.162 -136.218 -134.461 -134.236 -133.985 -133.94 -133.748 -133.668 -133.636 -133.729 -133.591 -133.571 -132.427 -131.177 -131.074 -130.537 -129.542 -128.994 -128.313 -129.698 -127.812 -127.204 -127.069 -127.275 -9999.0 -9999.0 -9999.0 -9999.0 -9999.0 -9999.0 -9999.0 -9999.0 -9999.0 -9999.0 -9999.0 -9999.0 -9999.0 -9999.0 -9999.0 -9999.0 -9999.0 -9999.0 -9999.0 -9999.0 -9999.0 -9999.0 -9999.0 -9999.0 -9999.0 -126.859
-131.116 -132.058 -132.365 -133.006 -133.043 -133.526 -135.219 -135.171 -135.111 -135.144 -134.947 -134.695 -134.961 -133.866 -133.418 -133.329 -132.886 -132.445 -133.037 -132.995 -132.241 -131.827 -131.755 -131.502 -131.589 -131.157 -131.533 -130.941 -129.309 -129.043 -130.609 -128.472 -128.403 -126.964 -126.483 -125.473 -125.064 -125.259 -9999.0 -9999.0 -9999.0 -9999.0 -9999.0 -9999.0 -9999.0 -9999.0 -9999.0 -9999.0 -9999.0 -9999.0 -9999.0 -9999.0 -9999.0 -9999.0 -9999.0 -9999.0 -9999.0 -9999.0 -9999.0 -9999.0 -9999.0 -9999.0 -9999.0 -9999.0 -9999.0
-128.307 -129.14 -130.313 -130.311 -132.133 -131.311 -131.439 -133.33 -133.009 -133.249 -133.32 -132.883 -135.078 -133.214 -132.925 -131.363 -131.323 -131.307 -131.082 -130.956 -130.239 -129.951 -130.068 -129.992 -129.574 -129.482 -129.597 -129.514 -127.433 -127.032 -126.679 -126.363 -124.945 -124.707 -123.96 -123.189 -123.321 -9999.0 -9999.0 -9999.0 -9999.0 -9999.0 -9999.0 -9999.0 -9999.0 -9999.0 -9999.0 -9999.0 -9999.0 -9999.0 -9999.0 -9999.0 -9999.0 -9999.0 -9999.0 -9999.0 -9999.0 -9999.0 -9999.0 -9999.0 -9999.0 -9999.0 -9999.0 -9999.0 -9999.0
-126.948 -127.544 -128.23 -128.27 -129.91 -129.22 -130.985 -131.127 -131.352 -131.485 -131.879 -131.25 -131.173 -131.187 -130.903 -129.979 -131.125 -131.189 -128.905 -128.706 -128.437 -129.465 -128.47 -127.687 -127.541 -127.031 -127.124 -127.456 -126.335 -125.034 -125.061 -124.515 -124.296 -123.067 -121.709 -121.264 -9999.0 -9999.0 -9999.0 -9999.0 -9999.0 -9999.0 -9999.0 -9999.0 -9999.0 -9999.0 -9999.0 -9999.0 -9999.0 -9999.0 -9999.0 -9999.0 -9999.0 -9999.0 -9999.0 -9999.0 -9999.0 -9999.0 -9999.0 -9999.0 -9999.0 -9999.0 -9999.0 -9999.0 -9999.0
-124.947 -124.815 -125.73 -126.243 -127.36 -128.112 -128.119 -127.636 -128.015 -128.977 -128.871 -128.175 -129.004 -129.302 -128.093 -128.667 -128.309 -129.24 -128.9 -127.899 -128.545 -126.844 -126.48 -126.017 -125.524 -125.14 -125.666 -125.929 -125.302 -125.342 -123.966 -123.095 -122.57 -121.208 -120.146 -119.457 -9999.0 -9999.0 -9999.0 -9999.0 -9999.0 -9999.0 -9999.0 -9999.0 -9999.0 -9999.0 -9999.0 -9999.0 -9999.0 -9999.0 -9999.0 -9999.0 -9999.0 -9999.0 -9999.0 -9999.0 -9999.0 -9999.0 -9999.0 -9999.0 -9999.0 -9999.0 -9999.0 -9999.0 -9999.0
-123.195 -122.446 -123.876 -124.174 -122.26 -122.253 -122.201 -122.045 -122.04 -122.895 -123.357 -123.255 -124.515 -125.283 -123.648 -125.263 -126.528 -126.659 -126.803 -126.574 -126.009 -125.283 -125.669 -125.113 -124.301 -123.093 -123.841 -123.063 -122.81 -122.671 -122.817 -121.343 -120.297 -119.356 -117.99 -117.554 -9999.0 -9999.0 -9999.0 -9999.0 -9999.0 -9999.0 -9999.0 -9999.0 -9999.0 -9999.0 -9999.0 -9999.0 -9999.0 -9999.0 -9999.0 -9999.0 -9999.0 -9999.0 -9999.0 -9999.0 -9999.0 -9999.0 -9999.0 -9999.0 -9999.0 -9999.0 -9999.0 -9999.0 -9999.0
-120.41 -120.405 -120.327 -120.261 -121.624 -122.173 -122.802 -123.282 -123.836 -124.854 -124.697 -124.607 -122.906 -122.643 -123.841 -124.183 -124.241 -124.547 -124.895 -124.147 -123.391 -123.44 -123.265 -123.059 -122.111 -121.034 -121.763 -120.545 -121.074 -121.567 -120.779 -119.591 -118.715 -117.758 -116.364 -115.721 -115.845 -115.581 -115.574 -9999.0 -9999.0 -9999.0 -9999.0 -9999.0 -9999.0 -9999.0 -9999.0 -9999.0 -9999.0 -9999.0 -9999.0 -9999.0 -9999.0 -9999.0 -9999.0 -9999.0 -9999.0 -9999.0 -9999.0 -9999.0 -9999.0 -9999.0 -9999.0 -9999.0 -9999.0
-118.859 -118.726 -119.814 -120.411 -120.957 -121.491 -123.499 -124.109 -123.872 -123.93 -124.987 -121.886 -121.682 -122.663 -122.845 -123.53 -123.635 -122.644 -122.551 -122.906 -121.722 -121.351 -122.113 -121.901 -120.875 -121.217 -120.324 -119.856 -120.413 -119.776 -119.172 -119.148 -117.585 -116.726 -115.813 -114.906 -114.811 -114.501 -113.709 -113.624 -9999.0 -9999.0 -9999.0 -9999.0 -9999.0 -9999.0 -9999.0 -9999.0 -9999.0 -9999.0 -9999.0 -9999.0 -9999.0 -9999.0 -9999.0 -9999.0 -9999.0 -9999.0 -9999.0 -9999.0 -9999.0 -9999.0 -9999.0 -9999.0 -9999.0
-127.896 -117.836 -118.379 -119.662 -120.936 -123.724 -122.629 -122.934 -122.888 -123.568 -122.529 -122.331 -122.331 -123.903 -123.273 -122.031 -120.925 -121.611 -121.034 -119.139 -119.022 -119.343 -119.61 -119.022 -118.61 -118.958 -118.631 -117.668 -117.305 -117.817 -117.441 -116.716 -116.378 -115.073 -115.938 -114.082 -113.429 -112.8 -112.208 -111.723 -9999.0 -9999.0 -9999.0 -9999.0 -9999.0 -9999.0 -9999.0 -9999.0 -9999.0 -9999.0 -9999.0 -9999.0 -9999.0 -9999.0 -9999.0 -9999.0 -9999.0 -9999.0 -9999.0 -9999.0 -9999.0 -9999.0 -9999.0 -9999.0 -9999.0
-117.88 -116.596 -121.682 -121.502 -121.316 -121.062 -121.155 -120.041 -120.077 -120.43 -120.414 -120.555 -121.144 -120.789 -120.866 -119.893 -118.828 -118.746 -118.164 -117.196 -117.47 -117.782 -116.998 -116.623 -117.23 -115.734 -115.363 -115.114 -115.391 -114.97 -114.728 -114.514 -114.14 -114.207 -114.227 -114.035 -112.031 -111.396 -110.815 -109.869 -109.894 -109.865 -109.874 -109.696 -109.741 -9999.0 -9999.0 -9999.0 -9999.0 -9999.0 -9999.0 -9999.0 -9999.0 -9999.0 -9999.0 -9999.0 -9999.0 -9999.0 -9999.0 -9999.0 -9999.0 -9999.0 -9999.0 -9999.0 -9999.0
-118.918 -115.969 -117.89 -116.763 -116.898 -117.927 -117.673 -116.79 -117.569 -117.875 -118.854 -119.659 -119.099 -118.775 -118.497 -117.151 -117.341 -115.727 -116.12 -115.455 -115.888 -116.44 -115.618 -114.447 -114.016 -113.87 -113.133 -113.819 -114.348 -113.551 -113.457 -112.89 -112.22 -111.721 -111.985 -110.676 -110.302 -109.666 -109.128 -108.908 -109.05 -109.467 -109.6 -109.268 -108.837 -108.441 -108.132 -107.728 -107.816 -9999.0 -9999.0 -9999.0 -9999.0 -9999.0 -9999.0 -9999.0 -9999.0 -9999.0 -9999.0 -9999.0 -9999.0 -9999.0 -9999.0 -9999.0 -9999.0
-118.012 -121.023 -118.586 -116.259 -115.959 -115.603 -115.169 -115.201 -115.122 -115.372 -116.436 -115.883 -116.843 -116.716 -115.286 -115.342 -114.954 -115.188 -114.307 -114.021 -114.427 -113.52 -112.24 -111.959 -112.896 -111.504 -111.894 -111.596 -112.722 -110.756 -110.72 -109.908 -109.743 -109.619 -109.302 -109.224 -108.505 -108.001 -107.665 -107.872 -108.937 -108.655 -109.426 -109.671 -108.81 -108.078 -107.676 -106.685 -106.204 -105.818 -9999.0 -9999.0 -9999.0 -9999.0 -9999.0 -9999.0 -9999.0 -9999.0 -9999.0 -9999.0 -9999.0 -9999.0 -9999.0 -9999.0 -9999.0
-118.386 -117.541 -116.149 -116.072 -115.679 -115.028 -113.503 -112.901 -113.042 -113.595 -112.41 -112.974 -112.201 -112.645 -112.356 -112.891 -112.982 -113.233 -112.463 -111.833 -110.317 -110.391 -110.291 -110.161 -110.254 -110.121 -109.171 -109.495 -108.637 -108.236 -108.287 -108.562 -108.404 -108.138 -107.866 -107.499 -106.876 -107.476 -107.435 -107.216 -106.341 -106.551 -106.633 -107.223 -107.311 -106.849 -106.862 -105.784 -105.264 -104.976 -104.633 -104.327 -103.93 -103.893 -9999.0 -9999.0 -9999.0 -9999.0 -9999.0 -9999.0 -9999.0 -9999.0 -9999.0 -9999.0 -9999.0
-115.727 -116.035 -116.203 -116.01 -115.973 -115.092 -112.958 -111.62 -111.107 -111.33 -112.036 -110.627 -110.292 -110.372 -110.016 -109.892 -110.425 -110.722 -109.51 -110.21 -109.318 -108.952 -108.64 -108.516 -108.45 -108.205 -107.587 -106.952 -106.521 -106.282 -106.812 -106.715 -106.781 -106.643 -106.249 -106.228 -105.966 -105.522 -105.602 -105.38 -104.933 -104.661 -104.807 -105.004 -104.783 -104.959 -104.53 -103.974 -104.43 -104.905 -104.533 -104.295 -103.324 -102.463 -102.026 -101.994 -101.964 -101.739 -101.79 -101.932 -101.918 -9999.0 -9999.0 -9999.0 -9999.0
-112.376 -113.619 -112.778 -113.157 -112.228 -112.991 -114.487 -112.74 -110.034 -109.613 -110.081 -110.289 -111.12 -110.32 -109.737 -113.591 -108.483 -107.266 -107.221 -107.362 -107.15 -106.828 -106.482 -106.111 -105.958 -105.411 -105.024 -104.269 -104.323 -104.355 -104.564 -104.854 -104.577 -104.523 -104.651 -104.47 -104.327 -104.535 -104.587 -104.969 -104.239 -104.228 -103.84 -103.685 -103.448 -103.629 -103.312 -103.484 -102.86 -102.603 -102.532 -102.199 -101.953 -101.764 -102.661 -102.104 -101.384 -100.992 -100.482 -100.234 -99.8752 -9999.0 -9999.0 -9999.0 -9999.0
-112.354 -112.197 -109.41 -110.463 -109.749 -109.342 -108.935 -107.667 -107.851 -107.887 -109.241 -110.503 -108.961 -109.246 -110.434 -111.31 -106.721 -105.951 -104.54 -104.16 -103.995 -103.821 -103.581 -103.516 -103.752 -103.566 -102.93 -102.776 -102.711 -103.086 -102.815 -103.127 -103.21 -102.928 -102.905 -103.028 -103.528 -103.647 -103.609 -103.295 -103.869 -103.807 -103.567 -103.183 -102.821 -102.242 -102.115 -101.665 -101.752 -100.887 -100.965 -101.354 -100.929 -100.755 -101.033 -101.307 -100.786 -99.7788 -98.8468 -98.1911 -98.3361 -9999.0 -9999.0 -9999.0 -9999.0
-109.269 -110.105 -109.045 -108.523 -109.108 -109.05 -109.395 -109.674 -108.037 -108.456 -106.552 -109.331 -106.827 -107.926 -106.579 -105.45 -104.558 -102.919 -102.176 -101.862 -101.824 -101.613 -101.559 -101.635 -101.914 -102.176 -100.79 -101.158 -101.329 -101.164 -101.436 -102.04 -102.271 -102.032 -101.617 -101.608 -101.957 -102.332 -102.904 -102.631 -102.515 -102.713 -102.596 -101.981 -101.592 -101.613 -101.314 -101.19 -100.608 -99.9421 -99.4511 -99.4601 -99.4061 -98.9151 -98.7077 -98.6049 -98.442 -98.094 -97.5698 -96.6729 -96.2227 -9999.0 -9999.0 -9999.0 -9999.0
-108.39 -108.274 -108.636 -108.375 -107.692 -107.166 -105.443 -105.416 -108.337 -109.028 -105.608 -104.378 -103.722 -103.459 -102.877 -102.967 -101.949 -101.589 -102.535 -107.673 -101.124 -100.193 -100.229 -100.067 -99.9309 -99.7548 -98.9426 -99.2837 -99.3234 -99.4309 -99.7807 -100.424 -100.828 -101.29 -101.389 -101.05 -101.083 -101.482 -101.809 -101.352 -101.344 -101.823 -101.234 -101.731 -100.794 -100.928 -100.876 -100.384 -100.023 -99.4505 -98.6229 -98.3771 -97.9249 -97.4237 -97.2891 -97.2194 -96.6681 -96.1251 -95.6333 -94.9562 -94.4618 -94.7282 -94.4801 -9999.0 -9999.0
-106.753 -106.039 -106.373 -105.51 -105.346 -106.634 -105.132 -103.379 -103.774 -104.174 -103.61 -102.393 -102.073 -103.489 -103.673 -102.631 -102.438 -102.263 -101.428 -100.475 -101.032 -108.793 -98.7953 -98.2956 -98.0292 -98.3447 -97.7089 -97.0413 -97.4446 -97.5112 -98.0915 -98.353 -98.9239 -99.7741 -100.038 -99.9623 -100.132 -100.168 -100.463 -100.091 -100.185 -101.373 -100.387 -100.762 -99.9211 -99.9382 -99.2222 -98.8705 -98.9903 -98.4269 -97.694 -96.971 -96.5617 -96.7017 -96.0812 -95.8422 -94.9093 -94.3207 -93.7294 -93.2101 -92.8009 -93.0427 -93.0822 -93.1945 -9999.0
-107.341 -105.745 -107.12 -104.244 -103.966 -104.337 -103.632 -103.535 -104.072 -101.244 -100.412 -100.28 -101.439 -101.538 -101.928 -101.691 -101.645 -103.194 -102.849 -102.588 -103.278 -99.2384 -97.1332 -97.1394 -96.3596 -96.2715 -96.1555 -95.4236 -95.1871 -95.6576 -95.7788 -96.6301 -97.3373 -98.078 -98.2664 -98.2875 -99.4993 -99.5957 -99.9567 -99.835 -100.179 -100.518 -99.9899 -100.117 -99.3177 -98.7506 -98.2038 -97.5069 -96.9547 -96.8819 -96.441 -95.4607 -95.4425 -95.2692 -95.1782 -94.3767 -93.4263 -92.8103 -92.4202 -92.2493 -91.5612 -91.0052 -91.3583 -9999.0 -9999.0
-104.814 -104.217 -103.867 -102.697 -102.574 -102.057 -102.174 -100.874 -100.388 -99.4593 -98.9989 -99.8851 -99.9658 -99.0107 -99.1085 -99.2559 -100.292 -99.8294 -99.8443 -98.9332 -98.3598 -102.275 -103.506 -96.4267 -94.8538 -94.1688 -93.9522 -93.5525 -94.2128 -93.9002 -94.0892 -94.7153 -95.4533 -96.1925 -96.9355 -97.3128 -97.0966 -97.8745 -97.6396 -99.1407 -98.9556 -98.9017 -98.5197 -98.0362 -97.9655 -97.9792 -97.4415 -96.8546 -96.2365 -96.073 -94.9739 -94.0352 -93.2569 -93.1172 -93.0132 -92.4664 -91.5886 -91.2741 -91.086 -90.9035 -90.7576 -90.5917 -90.0824 -89.7166 -9999.0
-102.758 -101.994 -102.234 -101.824 -101.105 -100.419 -100.21 -99.4886 -98.8462 -100.068 -98.7448 -98.3143 -98.8121 -96.9107 -96.9652 -98.7976 -100.083 -100.499 -98.6973 -97.3564 -97.9063 -97.814 -97.2676 -95.4117 -93.1083 -92.9762 -92.295 -92.3863 -92.9234 -92.2654 -92.1063 -92.6292 -93.1282 -94.2591 -95.0602 -95.6027 -96.4552 -96.3387 -97.0792 -97.5097 -97.2441 -96.797 -97.0117 -96.9916 -96.8964 -96.4827 -95.8666 -95.1872 -94.7239 -93.8852 -93.2515 -92.5205 -91.7716 -91.6922 -90.9129 -90.4174 -89.9921 -89.9196 -90.3927 -90.3704 -89.7855 -89.1703 -88.759 -88.5382 -88.2653
-100.513 -99.6245 -99.4399 -98.4542 -98.8202 -98.7706 -98.7759 -97.0187 -98.1782 -97.586 -99.1122 -97.2804 -97.1751 -96.4354 -95.6354 -97.9234 -96.8384 -96.7815 -96.9711 -95.9484 -95.7396 -95.0934 -97.0321 -98.0593 -99.0854 -91.9811 -91.1137 -90.5861 -90.7239 -91.0514 -89.9744 -90.3355 -91.1531 -92.2711 -93.2845 -93.5438 -94.0241 -94.1998 -95.2604 -95.7559 -95.2593 -94.9867 -95.6318 -95.4399 -95.4264 -94.599 -94.5429 -93.939 -93.7594 -93.0494 -92.348 -91.8377 -90.5796 -89.882 -89.5354 -88.6277 -88.7129 -89.783 -90.2212 -88.9311 -88.209 -87.8365 -87.7647 -88.8831 -88.8511
-98.4155 -97.921 -97.6883 -98.3665 -98.1716 -97.2299 -97.7046 -98.0695 -99.9359 -98.8458 -97.936 -96.4865 -97.1731 -94.9179 -94.5353 -94.6133 -95.3852 -96.6694 -97.2414 -95.5715 -95.3592 -93.7788 -93.1326 -94.332 -94.5257 -91.0497 -89.2718 -88.8324 -88.8929 -88.9333 -88.3783 -88.4602 -89.6783 -90.2788 -90.802 -91.1806 -91.7179 -93.1012 -93.7234 -93.3616 -93.0091 -93.2818 -94.2032 -94.1021 -94.2766 -93.3943 -92.5347 -90.6161 -91.9709 -92.0317 -91.6824 -91.1412 -90.2421 -88.6567 -88.1686 -87.4053 -87.8378 -88.853 -87.7685 -87.3271 -87.5691 -87.8998 -89.6362 -90.4678 -90.7992
-98.5732 -97.5948 -97.6688 -102.649 -103.369 -101.827 -103.876 -99.3944 -98.0351 -96.7176 -96.1608 -96.2581 -95.8213 -94.9913 -95.9574 -94.4181 -93.0214 -93.6699 -93.9081 -96.2908 -94.5773 -93.0834 -90.7882 -90.5993 -90.5029 -89.2997 -88.3582 -88.5488 -87.2776 -86.8839 -86.7933 -87.7572 -88.3116 -89.2234 -90.0797 -89.3044 -90.9031 -91.359 -91.3376 -91.4036 -91.7017 -92.1229 -93.0446 -92.7517 -93.2314 -92.2615 -89.2844 -89.0172 -90.1092 -90.4974 -90.2167 -90.002 -89.8583 -88.0829 -88.6399 -88.2789 -88.3476 -88.4275 -88.7929 -88.3366 -87.9234 -88.7611 -89.0727 -89.9183 -90.1159
-98.9014 -99.2026 -97.6343 -99.1575 -97.673 -97.4331 -97.3769 -97.6704 -96.4881 -96.2033 -97.5977 -98.5206 -95.9008 -95.8447 -93.661 -94.1332 -93.2183 -91.3805 -91.2929 -91.2797 -90.7887 -90.084 -89.0381 -90.078 -90.6519 -89.7849 -89.7011 -90.2502 -86.0407 -85.3911 -85.3898 -86.5213 -88.2268 -88.1065 -87.7096 -87.7796 -88.2773 -89.2223 -90.0134 -90.2905 -90.3225 -91.3768 -91.3933 -92.3494 -91.662 -91.6324 -89.6764 -88.9588 -91.6839 -90.9198 -91.4494 -89.5021 -88.7062 -89.4268 -89.535 -87.6862 -88.229 -87.9545 -88.0943 -87.4134 -87.0167 -87.6289 -87.313 -89.0358 -88.5155
-98.1525 -98.0708 -98.9165 -96.025 -94.6676 -93.9689 -94.1249 -96.0164 -94.4113 -93.6023 -93.2331 -95.0665 -94.2755 -92.3005 -93.4019 -90.0465 -90.0752 -90.2817 -92.0821 -92.5753 -89.6178 -88.1472 -87.4568 -87.4816 -88.7778 -89.5105 -88.4539 -88.2161 -87.3406 -83.7842 -83.6928 -84.8587 -85.4915 -86.0606 -86.7001 -86.3843 -86.9416 -87.0797 -87.3512 -87.1286 -88.8576 -89.6152 -89.5942 -90.3943 -90.1931 -89.4397 -89.8579 -83.9728 -84.1307 -81.0172 -82.9374 -82.4455 -86.4592 -87.8449 -89.8641 -87.6157 -88.9915 -87.1884 -87.2002 -88.6202 -86.5257 -86.3512 -86.3148 -85.6456 -85.6577
-96.8934 -96.4435 -93.9411 -93.7254 -94.1661 -102.983 -95.8666 -91.5918 -90.4307 -90.8265 -89.8992 -89.4551 -91.3146 -90.0044 -88.265 -89.5562 -89.7662 -89.2129 -88.5861 -89.8491 -88.95 -87.7986 -86.1134 -85.8876 -86.4097 -86.684 -85.7333 -85.8758 -85.4821 -82.0589 -81.8269 -83.2011 -84.1536 -84.7896 -85.0954 -85.3406 -85.6035 -85.5555 -86.6669 -86.385 -86.5559 -88.3549 -87.7436 -88.7421 -87.0686 -83.7661 -77.8747 -79.6767 -77.8073 -77.7802 -77.1582 -79.0679 -86.1538 -88.5797 -88.7924 -88.1016 -87.175 -87.8945 -86.7881 -86.1735 -86.2614 -86.1808 -84.7977 -85.2967 -85.9113
-97.4888 -96.6051 -92.4303 -94.8696 -93.5426 -91.9569 -91.7821 -92.5513 -89.795 -90.697 -89.7645 -89.0366 -89.4253 -88.7798 -88.9911 -88.9275 -88.2487 -87.6812 -88.6314 -86.5691 -86.5831 -86.8729 -86.7071 -85.8244 -84.7624 -84.754 -84.3687 -84.0511 -84.2294 -81.7707 -80.5128 -81.128 -83.0342 -83.9405 -84.6906 -85.1502 -84.8483 -85.0663 -84.8561 -85.7126 -86.0837 -87.4687 -87.695 -81.0234 -77.5594 -77.4193 -76.7987 -76.8385 -75.5039 -77.6966 -75.2044 -76.89 -79.9853 -77.6675 -84.139 -88.3832 -88.7498 -87.9231 -86.9908 -85.6285 -85.2721 -84.6371 -84.4983 -83.6029 -83.2325
