setup_data/66100_caitjcampbell_Annual_NoAm_Map_H_1980_2010/66100_caitjcampbell_Annual_NoAm_Map_H_1980_2010/stdkrig.asc
ncols 260
nrows 141
xllcorner -177.1999969482422
yllcorner 6.0
cellsize 0.5
NODATA_value -9999
[rows 29 to 57 of 141, columns 67 to 133 of 260]
10.8585 10.8022 10.7267 10.6309 10.5145 10.3775 10.221 10.0467 9.85715 9.65618 9.44887 9.24187 9.0436 8.86432 8.71586 8.61083 8.56079 8.57347 8.65019 8.78527 8.96822 9.18678 9.42917 9.68517 9.9464 10.2062 10.4593 10.7018 10.9306 11.1432 11.338 11.5135 11.6689 11.8032 11.916 12.0068 12.0754 12.1216 12.1452 12.1463 12.1249 12.0811 12.0151 11.9272 11.8179 11.6877 11.5375 11.3682 11.1812 10.9784 10.7621 10.5354 10.3024 10.0685 9.84093 9.62914 9.44588 9.30781 9.23457 9.24081 9.3239 9.46666 9.65019 9.8593 10.0826 10.3116 10.54
11.2496 11.168 11.069 10.9514 10.8147 10.6588 10.4843 10.2924 10.0853 9.86582 9.63826 9.40817 9.18283 8.97169 8.78694 8.64414 8.56235 8.55983 8.64178 8.79517 9.00038 9.24005 9.5005 9.77126 10.0443 10.3134 10.5739 10.8222 11.0556 11.272 11.4698 11.6479 11.8053 11.9416 12.0562 12.1488 12.2193 12.2675 12.2935 12.2973 12.2792 12.2393 12.178 12.0957 11.9932 11.8711 11.7305 11.5727 11.3994 11.2127 11.0155 10.8113 10.6045 10.401 10.2079 10.034 9.88949 9.78511 9.73038 9.73072 9.78531 9.88757 10.0276 10.1949 10.3799 10.5746 10.7724
11.6752 11.5728 11.4545 11.3193 11.1665 10.9959 10.8078 10.6032 10.3836 10.1514 9.91 9.66399 9.41949 9.18463 8.97024 8.791 8.66815 8.64344 8.74714 8.92461 9.14845 9.40122 9.67033 9.94638 10.2222 10.4925 10.7529 11.0004 11.2325 11.4474 11.6438 11.8206 11.977 12.1127 12.2271 12.3201 12.3916 12.4416 12.4702 12.4777 12.4642 12.4301 12.376 12.3025 12.2105 12.1008 11.9748 11.8339 11.6803 11.5162 11.3447 11.1692 10.9944 10.8253 10.6679 10.529 10.4155 10.3338 10.289 10.2838 10.3178 10.3878 10.4886 10.6136 10.7561 10.9098 11.0692
12.124 12.0064 11.8745 11.7276 11.5648 11.3863 11.1921 10.9833 10.7614 10.5286 10.2884 10.0452 9.80556 9.57787 9.37385 9.20946 9.10606 9.08649 9.15796 9.30393 9.50152 9.73216 9.98214 10.2413 10.5021 10.7587 11.0069 11.2435 11.4658 11.6722 11.8611 12.0315 12.1827 12.3142 12.4256 12.5168 12.5877 12.6383 12.6689 12.6796 12.6709 12.6433 12.5973 12.5338 12.4537 12.3581 12.2485 12.1265 11.9942 11.8539 11.7085 11.5614 11.4163 11.2776 11.1499 11.0379 10.9463 10.8791 10.8393 10.8284 10.8462 10.891 10.9597 11.0481 11.1518 11.2662 11.387
-9999.0 -9999.0 -9999.0 -9999.0 12.0023 11.823 11.631 11.4272 11.2134 10.9923 10.7676 10.5442 10.3287 10.1296 9.95769 9.82523 9.74492 9.72631 9.77197 9.87626 10.0281 10.2149 10.4251 10.6489 10.8785 11.1078 11.3321 11.5476 11.7516 11.942 12.1172 12.2759 12.4173 12.5408 12.6459 12.7325 12.8004 12.8498 12.8808 12.8937 12.8889 12.867 12.8287 12.7747 12.7062 12.6243 12.5304 12.4262 12.3136 12.195 12.0728 11.9499 11.8295 11.7149 11.6095 11.5168 11.44 11.3815 11.3433 11.3264 11.3306 11.355 11.3975 11.4554 11.5258 11.6053 11.6906
-9999.0 -9999.0 -9999.0 -9999.0 -9999.0 -9999.0 -9999.0 -9999.0 11.7204 11.5185 11.3168 11.1201 10.9343 10.7666 10.6248 10.5171 10.4507 10.4305 10.4577 10.5299 10.6412 10.784 10.9502 11.1323 11.3233 11.5175 11.7103 11.8979 12.0772 12.2459 12.4021 12.5445 12.672 12.7838 12.8794 12.9586 13.0211 13.067 13.0965 13.1097 13.1072 13.0894 13.0571 13.0111 12.9524 12.8822 12.8017 12.7127 12.6167 12.5159 12.4125 12.3087 12.207 12.1102 12.0208 11.9411 11.8734 11.8194 11.7805 11.7572 11.7495 11.7567 11.7774 11.8099 11.852 11.9014 11.9555
-9999.0 -9999.0 -9999.0 -9999.0 -9999.0 -9999.0 -9999.0 -9999.0 -9999.0 -9999.0 -9999.0 11.7291 11.5704 11.429 11.3103 11.2195 11.1612 11.138 11.1507 11.1979 11.2764 11.3814 11.5076 11.6493 11.8013 11.9588 12.1175 12.2739 12.4251 12.5685 12.7024 12.8251 12.9356 13.0328 13.1162 13.1854 13.2401 13.2803 13.306 13.3175 13.3151 13.2994 13.271 13.2306 13.1792 13.1178 13.0478 12.9704 12.8872 12.7999 12.7104 12.6205 12.5323 12.4477 12.3687 12.2971 12.2344 12.1818 12.1403 12.1102 12.0915 12.0838 12.086 12.0968 12.1149 12.1383 12.1652
-9999.0 -9999.0 -9999.0 -9999.0 -9999.0 -9999.0 -9999.0 -9999.0 -9999.0 -9999.0 -9999.0 -9999.0 -9999.0 12.0799 11.9777 11.898 11.8436 11.8164 11.8167 11.8438 11.8956 11.9691 12.0608 12.1666 12.2825 12.4048 12.53 12.6549 12.7769 12.8938 13.0036 13.1047 13.1961 13.2767 13.3457 13.4028 13.4476 13.4799 13.4998 13.5074 13.503 13.487 13.46 13.4227 13.3758 13.3203 13.2573 13.1879 13.1135 13.0355 12.9554 12.8748 12.7952 12.7182 12.6452 12.5777 12.5166 12.463 12.4175 12.3802 12.3512 12.33 12.3161 12.3083 12.3055 12.3064 12.3096
-9999.0 -9999.0 -9999.0 -9999.0 -9999.0 -9999.0 -9999.0 -9999.0 -9999.0 -9999.0 -9999.0 -9999.0 -9999.0 -9999.0 -9999.0 12.5341 12.4809 12.4487 12.4379 12.4479 12.4774 12.5245 12.5866 12.661 12.7447 12.8347 12.9284 13.0231 13.1166 13.2068 13.2921 13.3709 13.442 13.5046 13.5579 13.6013 13.6344 13.6571 13.6693 13.671 13.6625 13.644 13.616 13.5791 13.5339 13.4812 13.422 13.3571 13.2878 13.2152 13.1405 13.065 12.99 12.9166 12.8461 12.7795 12.7175 12.6609 12.6101 12.5653 12.5264 12.493 12.4645 12.4403 12.4193 12.4006 12.3829
-9999.0 -9999.0 -9999.0 -9999.0 -9999.0 -9999.0 -9999.0 -9999.0 -9999.0 -9999.0 -9999.0 -9999.0 -9999.0 -9999.0 -9999.0 -9999.0 13.0646 13.0266 13.0053 13.0002 13.0104 13.0347 13.0712 13.1181 13.173 13.2339 13.2985 13.3649 13.4311 13.4954 13.5564 13.6127 13.6632 13.7071 13.7436 13.7722 13.7924 13.804 13.8069 13.8009 13.7864 13.7633 13.7322 13.6933 13.6472 13.5946 13.5361 13.4726 13.4051 13.3343 13.2615 13.1876 13.1137 13.0407 12.9696 12.9013 12.8363 12.7751 12.7182 12.6654 12.6168 12.572 12.5305 12.4916 12.4545 12.4184 12.3823
-9999.0 -9999.0 -9999.0 -9999.0 -9999.0 -9999.0 -9999.0 -9999.0 -9999.0 -9999.0 -9999.0 -9999.0 -9999.0 -9999.0 -9999.0 -9999.0 -9999.0 13.547 13.5153 13.4963 13.4892 13.4932 13.507 13.5293 13.5584 13.5927 13.6306 13.6704 13.7108 13.7502 13.7875 13.8215 13.8513 13.8761 13.8953 13.9082 13.9145 13.9138 13.9061 13.8911 13.8689 13.8396 13.8033 13.7604 13.7112 13.6562 13.5959 13.531 13.4622 13.3904 13.3163 13.2409 13.1651 13.0897 13.0155 12.9432 12.8734 12.8064 12.7425 12.6817 12.6237 12.5683 12.5149 12.4628 12.4114 12.3597 12.3072
-9999.0 -9999.0 -9999.0 -9999.0 -9999.0 -9999.0 -9999.0 -9999.0 -9999.0 -9999.0 -9999.0 -9999.0 -9999.0 -9999.0 -9999.0 -9999.0 -9999.0 -9999.0 13.9674 13.935 13.9119 13.8972 13.8903 13.8901 13.8955 13.9053 13.9182 13.9331 13.9488 13.9642 13.9784 13.9905 13.9996 14.0051 14.0065 14.0032 13.9948 13.9811 13.9617 13.9365 13.9055 13.8685 13.8256 13.777 13.7228 13.6633 13.599 13.5304 13.4579 13.3823 13.3043 13.2247 13.1444 13.064 12.9845 12.9063 12.8301 12.7562 12.6848 12.6158 12.5489 12.4837 12.4196 12.3558 12.2917 12.2263 12.1591
-9999.0 -9999.0 -9999.0 -9999.0 -9999.0 -9999.0 -9999.0 -9999.0 -9999.0 -9999.0 -9999.0 -9999.0 -9999.0 -9999.0 -9999.0 -9999.0 -9999.0 -9999.0 -9999.0 14.3175 14.2789 14.2467 14.2203 14.199 14.1821 14.1687 14.1579 14.1489 14.1409 14.1329 14.1244 14.1147 14.1031 14.0892 14.0724 14.0524 14.0287 14.0012 13.9695 13.9333 13.8924 13.8468 13.7962 13.7407 13.6801 13.6148 13.5447 13.4704 13.3921 13.3105 13.2262 13.14 13.0527 12.9651 12.878 12.7922 12.7083 12.6265 12.5472 12.4702 12.395 12.3212 12.2478 12.174 12.0989 12.0216 11.9413
-9999.0 -9999.0 -9999.0 -9999.0 -9999.0 -9999.0 -9999.0 -9999.0 -9999.0 -9999.0 -9999.0 -9999.0 -9999.0 -9999.0 -9999.0 -9999.0 -9999.0 -9999.0 -9999.0 -9999.0 14.5922 14.5428 14.4976 14.4561 14.4177 14.3819 14.3482 14.3158 14.2844 14.2534 14.2223 14.1907 14.1581 14.1244 14.089 14.0518 14.0124 13.9706 13.926 13.8783 13.8271 13.7723 13.7134 13.6502 13.5826 13.5103 13.4333 13.3518 13.2661 13.1766 13.0839 12.9888 12.8922 12.7951 12.6984 12.6032 12.5101 12.4198 12.3324 12.2478 12.1654 12.0845 12.0039 11.9223 11.8384 11.7512 11.6596
-9999.0 -9999.0 -9999.0 -9999.0 -9999.0 -9999.0 -9999.0 -9999.0 -9999.0 -9999.0 -9999.0 -9999.0 -9999.0 -9999.0 -9999.0 -9999.0 -9999.0 -9999.0 -9999.0 -9999.0 14.8546 14.7882 14.7244 14.6629 14.6034 14.5455 14.4889 14.4334 14.3785 14.3242 14.2702 14.2162 14.1623 14.1081 14.0536 13.9986 13.9429 13.8863 13.8285 13.769 13.7074 13.6433 13.5761 13.5052 13.4303 13.3507 13.2663 13.177 13.0827 12.9838 12.8809 12.7748 12.6666 12.5575 12.449 12.3423 12.2386 12.1388 12.0433 11.952 11.8643 11.7788 11.6939 11.6077 11.5182 11.4237 11.323
-9999.0 -9999.0 -9999.0 -9999.0 -9999.0 -9999.0 -9999.0 -9999.0 -9999.0 -9999.0 -9999.0 -9999.0 -9999.0 -9999.0 -9999.0 -9999.0 -9999.0 -9999.0 -9999.0 -9999.0 -9999.0 14.9861 14.9036 14.8221 14.7412 -9999.0 14.5814 14.5022 14.4235 14.3452 14.2675 14.1904 14.114 14.0385 13.964 13.8904 13.8178 13.746 13.6747 13.6035 13.5318 13.4589 13.3839 13.3061 13.2244 13.1382 13.0467 12.9494 12.846 12.7369 12.6223 12.5033 12.3812 12.2576 12.1344 12.0138 11.8976 11.7873 11.6839 11.5873 11.4968 11.4105 11.3259 11.2399 11.1495 11.052 10.9453
-9999.0 -9999.0 -9999.0 -9999.0 -9999.0 -9999.0 -9999.0 -9999.0 -9999.0 -9999.0 -9999.0 -9999.0 -9999.0 -9999.0 -9999.0 -9999.0 -9999.0 -9999.0 -9999.0 -9999.0 -9999.0 15.1404 15.0389 14.9369 14.8344 -9999.0 14.628 14.5244 14.4208 14.3174 14.2147 14.1131 14.0129 13.9147 13.8188 13.7256 13.6352 13.5477 13.4628 13.3801 13.2989 13.2182 13.1369 13.0536 12.967 12.8757 12.7784 12.6742 12.5624 12.4428 12.3158 12.1823 12.0439 11.9029 11.7619 11.6242 11.4928 11.3704 11.259 11.1592 11.0698 10.9882 10.9106 10.8322 10.7481 10.6541 10.5466
-9999.0 -9999.0 -9999.0 -9999.0 -9999.0 -9999.0 -9999.0 -9999.0 -9999.0 -9999.0 -9999.0 -9999.0 -9999.0 -9999.0 -9999.0 -9999.0 -9999.0 -9999.0 -9999.0 -9999.0 -9999.0 -9999.0 15.1345 15.0115 14.8867 -9999.0 -9999.0 14.5028 14.3729 14.2429 14.1135 13.9854 13.8595 13.7366 13.6175 13.503 13.3936 13.2895 13.1909 13.0971 13.0075 12.9208 12.8354 12.7494 12.6607 12.5672 12.467 12.3584 12.24 12.1111 11.9719 11.8231 11.6665 11.5051 11.3425 11.1834 11.0329 10.8958 10.776 10.675 10.5921 10.5233 10.4625 10.4024 10.3352 10.2543 10.1544
-9999.0 -9999.0 -9999.0 -9999.0 -9999.0 -9999.0 -9999.0 -9999.0 -9999.0 -9999.0 -9999.0 -9999.0 -9999.0 -9999.0 -9999.0 -9999.0 -9999.0 -9999.0 -9999.0 -9999.0 -9999.0 -9999.0 -9999.0 15.0508 14.9028 14.7517 -9999.0 -9999.0 -9999.0 14.1252 13.9668 13.8099 13.6556 13.5053 13.3605 13.2224 13.0921 12.9703 12.8574 12.7532 12.6567 12.5663 12.4801 12.3952 12.3088 12.2177 12.1191 12.0102 11.8889 11.7537 11.6042 11.4408 11.2654 11.0812 10.8932 10.7077 10.5326 10.3762 10.2461 10.1464 10.0769 10.0317 10.0011 9.9733 9.937 9.88236 9.80196
-9999.0 -9999.0 -9999.0 -9999.0 -9999.0 -9999.0 -9999.0 -9999.0 -9999.0 -9999.0 -9999.0 -9999.0 -9999.0 -9999.0 -9999.0 -9999.0 -9999.0 -9999.0 -9999.0 -9999.0 -9999.0 -9999.0 -9999.0 -9999.0 14.8882 14.7117 14.5308 -9999.0 -9999.0 -9999.0 13.7792 13.5904 13.4045 13.2235 13.0495 12.8846 12.7307 12.5893 12.4613 12.3469 12.2453 12.1544 12.0716 11.9932 11.9151 11.8328 11.7422 11.6392 11.5208 11.3845 11.2291 11.0544 10.8621 10.6553 10.4397 10.2232 10.0168 9.83422 9.68937 9.59263 9.5453 9.53784 9.55353 9.57412 9.58353 9.56921 9.52228
-9999.0 -9999.0 -9999.0 -9999.0 -9999.0 -9999.0 -9999.0 -9999.0 -9999.0 -9999.0 -9999.0 -9999.0 -9999.0 -9999.0 -9999.0 -9999.0 -9999.0 -9999.0 -9999.0 -9999.0 -9999.0 -9999.0 -9999.0 -9999.0 -9999.0 14.6464 14.4375 -9999.0 -9999.0 -9999.0 -9999.0 13.3333 13.1119 12.8959 12.6884 12.4923 12.3109 12.1469 12.0022 11.8777 11.7727 11.6852 11.6114 11.5464 11.4842 11.4189 11.3445 11.2556 11.1479 11.018 10.8638 10.6846 10.4814 10.2572 10.0172 9.76996 9.52853 9.31151 9.14349 9.04904 9.03524 9.0824 9.15982 9.24068 9.30539 9.34052 9.33747
-9999.0 -9999.0 -9999.0 -9999.0 -9999.0 -9999.0 -9999.0 -9999.0 -9999.0 -9999.0 -9999.0 -9999.0 -9999.0 -9999.0 -9999.0 -9999.0 -9999.0 -9999.0 -9999.0 -9999.0 -9999.0 -9999.0 -9999.0 -9999.0 -9999.0 -9999.0 -9999.0 -9999.0 -9999.0 -9999.0 -9999.0 13.0472 12.7863 12.5306 12.2841 12.0514 11.8371 11.6459 11.4815 11.3461 11.2398 11.1602 11.1023 11.059 11.0223 10.9836 10.935 10.8694 10.7813 10.6666 10.5227 10.3488 10.1455 9.91546 9.6638 9.39868 9.13265 8.88475 8.68514 8.58632 8.62205 8.73416 8.87309 9.00971 9.12528 9.20771 9.24969
-9999.0 -9999.0 -9999.0 -9999.0 -9999.0 -9999.0 -9999.0 -9999.0 -9999.0 -9999.0 -9999.0 -9999.0 -9999.0 -9999.0 -9999.0 -9999.0 -9999.0 -9999.0 -9999.0 -9999.0 -9999.0 -9999.0 -9999.0 -9999.0 -9999.0 -9999.0 -9999.0 -9999.0 -9999.0 -9999.0 -9999.0 12.7441 12.4401 12.1398 11.8485 11.5724 11.3183 11.0935 10.9046 10.7563 10.6502 10.5838 10.5502 10.5391 10.5387 10.5371 10.5238 10.4902 10.43 10.3387 10.214 10.0554 9.86427 9.64395 9.40041 9.14294 8.88547 8.64862 8.46398 8.38257 8.43442 8.56666 8.73047 8.8959 9.04341 9.16038 9.23932
-9999.0 -9999.0 -9999.0 -9999.0 -9999.0 -9999.0 -9999.0 -9999.0 -9999.0 -9999.0 -9999.0 -9999.0 -9999.0 -9999.0 -9999.0 -9999.0 -9999.0 -9999.0 -9999.0 -9999.0 -9999.0 -9999.0 -9999.0 -9999.0 -9999.0 -9999.0 -9999.0 -9999.0 -9999.0 -9999.0 -9999.0 12.4393 12.0897 11.7412 11.3999 11.0735 10.7715 10.5045 10.2836 10.1183 10.0135 9.9668 9.96801 10.0012 10.0487 10.0939 10.1236 10.128 10.1004 10.0371 9.93691 9.80041 9.63026 9.43128 9.21108 8.98107 8.75781 8.56418 8.42871 8.37825 8.42083 8.53722 8.69564 8.8669 9.02901 9.16706 9.27202
-9999.0 -9999.0 -9999.0 -9999.0 -9999.0 -9999.0 -9999.0 -9999.0 -9999.0 -9999.0 -9999.0 -9999.0 -9999.0 -9999.0 -9999.0 -9999.0 -9999.0 -9999.0 -9999.0 -9999.0 -9999.0 -9999.0 -9999.0 -9999.0 -9999.0 -9999.0 -9999.0 -9999.0 -9999.0 -9999.0 -9999.0 -9999.0 -9999.0 11.358 10.9641 10.5827 10.2254 9.90698 9.64442 9.45512 9.35137 9.33261 9.38201 9.47283 9.57807 9.6759 9.75081 9.79292 9.79678 9.76032 9.68399 9.57023 9.42314 9.24864 9.055 8.85394 8.66187 8.50031 8.39361 8.36177 8.41054 8.52726 8.68736 8.86451 9.03692 9.18914 9.31158
-9999.0 -9999.0 -9999.0 -9999.0 -9999.0 -9999.0 -9999.0 -9999.0 -9999.0 -9999.0 -9999.0 -9999.0 -9999.0 -9999.0 -9999.0 -9999.0 -9999.0 -9999.0 -9999.0 -9999.0 -9999.0 -9999.0 -9999.0 -9999.0 -9999.0 -9999.0 -9999.0 -9999.0 -9999.0 -9999.0 -9999.0 -9999.0 -9999.0 -9999.0 10.5739 10.1387 9.72476 9.34977 9.03669 8.81345 8.7084 8.72918 8.84266 9.00073 9.16539 9.31159 9.42422 9.49522 9.5215 9.50352 9.4442 9.34807 9.22066 9.06821 8.89798 8.71931 8.54542 8.39556 8.29585 8.27393 8.34096 8.47957 8.65891 8.85103 9.03532 9.19807 9.33103
-9999.0 -9999.0 -9999.0 -9999.0 -9999.0 -9999.0 -9999.0 -9999.0 -9999.0 -9999.0 -9999.0 -9999.0 -9999.0 -9999.0 -9999.0 -9999.0 -9999.0 -9999.0 -9999.0 -9999.0 -9999.0 -9999.0 -9999.0 -9999.0 -9999.0 -9999.0 -9999.0 -9999.0 -9999.0 -9999.0 -9999.0 -9999.0 -9999.0 -9999.0 -9999.0 -9999.0 9.32487 8.90284 8.54628 8.28992 8.17752 8.25528 8.43633 8.6493 8.85451 9.02877 9.15952 9.24131 9.27373 9.25998 9.2058 9.11843 9.00534 8.87312 8.72706 8.57223 8.41593 8.27144 8.1637 8.14072 8.24099 8.41561 8.619 8.82451 9.01533 9.18101 9.3156
-9999.0 -9999.0 -9999.0 -9999.0 -9999.0 -9999.0 -9999.0 -9999.0 -9999.0 -9999.0 -9999.0 -9999.0 -9999.0 -9999.0 -9999.0 -9999.0 -9999.0 -9999.0 -9999.0 -9999.0 -9999.0 -9999.0 -9999.0 -9999.0 -9999.0 -9999.0 -9999.0 -9999.0 -9999.0 -9999.0 -9999.0 -9999.0 -9999.0 -9999.0 -9999.0 -9999.0 -9999.0 -9999.0 8.25936 8.01536 7.94891 8.04834 8.24138 8.46126 8.66759 8.83767 8.95987 9.02994 9.049 9.02238 8.95877 8.86915 8.76477 8.6542 8.54119 8.42594 8.30975 8.2009 8.12132 8.11716 8.22536 8.40065 8.59952 8.79699 8.97788 9.13307 9.25768
-9999.0 -9999.0 -9999.0 -9999.0 -9999.0 -9999.0 -9999.0 -9999.0 -9999.0 -9999.0 -9999.0 -9999.0 -9999.0 -9999.0 -9999.0 -9999.0 -9999.0 -9999.0 -9999.0 -9999.0 -9999.0 -9999.0 -9999.0 -9999.0 -9999.0 -9999.0 -9999.0 -9999.0 -9999.0 -9999.0 -9999.0 -9999.0 -9999.0 -9999.0 -9999.0 -9999.0 -9999.0 -9999.0 8.19759 7.97689 7.94926 8.0514 8.21951 8.40729 8.58123 8.71989 8.81148 8.85152 8.8413 8.78712 8.70003 8.59573 8.49283 8.40618 8.33833 8.2812 8.22809 8.1831 8.16348 8.19353 8.28564 8.42706 8.59282 8.76074 8.91531 9.04706 9.15099
