setup_data/66100_caitjcampbell_Annual_NoAm_Map_H_1980_2010/66100_caitjcampbell_Annual_NoAm_Map_H_1980_2010/stdkrig.asc
ncols 260
nrows 141
xllcorner -177.1999969482422
yllcorner 6.0
cellsize 0.5
NODATA_value -9999
[rows 87 to 115 of 141, columns 134 to 200 of 260]
8.0454 8.00726 8.01008 8.02406 8.08099 8.16869 8.23133 8.24779 8.2402 8.29243 8.518 8.82031 9.12555 9.39783 9.61733 9.77296 9.85877 9.87205 9.81271 9.68345 9.49093 9.24791 8.97675 8.71468 8.52014 8.46294 8.55955 8.75546 8.99236 9.22855 9.43462 9.58949 9.67864 9.69347 9.63143 9.49655 9.30045 9.06339 8.81436 8.58788 8.41412 8.30245 8.23369 8.17869 8.13026 8.12303 8.17482 8.22608 8.23172 8.18658 8.11947 8.09574 8.1798 8.32763 8.46885 8.5649 8.60336 8.59559 8.57872 8.61208 8.74188 8.96126 -9999.0 -9999.0 -9999.0 -9999.0 -9999.0
8.34403 8.31745 8.31488 8.32772 8.35798 8.39708 8.42428 8.43318 8.44941 8.53154 8.7226 8.99029 9.27727 9.54264 9.76151 9.91934 10.0082 10.0248 9.96939 9.84619 9.66392 9.43762 9.19102 8.95882 8.78524 8.71057 8.74708 8.87291 9.05121 9.24594 9.42631 9.56739 9.65043 9.66333 9.60115 9.46687 9.27259 9.04083 8.80452 8.60181 8.46192 8.38851 8.3596 8.34797 8.34206 8.3476 8.36311 8.366 8.33644 8.27877 8.22443 8.21988 8.29277 8.4223 8.56224 8.6766 8.7519 8.79755 8.8423 8.92426 9.07199 -9999.0 -9999.0 -9999.0 -9999.0 -9999.0 -9999.0
8.72592 8.70828 8.69379 8.68378 8.67868 8.67638 8.67422 8.67851 8.71125 8.80368 8.97262 9.2023 9.45664 9.70001 9.90569 10.0562 10.1411 10.156 10.101 9.98067 9.8049 9.58935 9.35663 9.13616 8.96088 8.8592 8.84497 8.91333 9.04454 9.21005 9.378 9.51836 9.6068 9.62671 9.5699 9.43708 9.2389 8.99809 8.7521 8.55204 8.44381 8.43002 8.47004 8.52135 8.56044 8.57886 8.57131 8.53067 8.45617 8.36489 8.29458 8.28839 8.36331 8.49599 8.64494 8.7778 8.88242 8.96662 9.05267 -9999.0 -9999.0 -9999.0 -9999.0 -9999.0 -9999.0 -9999.0 -9999.0
9.13951 9.11211 9.07289 9.02684 8.97853 8.93335 8.8994 8.89013 8.9241 9.01827 9.17706 9.38628 9.61846 9.84338 10.0354 10.1761 10.2536 10.2626 10.2025 10.0782 9.89939 9.68145 9.44507 9.21539 9.0193 8.88137 8.81992 8.84356 8.94665 9.10581 9.28463 9.44497 9.55579 9.59611 9.55495 9.43076 9.23179 8.97816 8.70714 8.48407 8.40241 8.46754 8.58761 8.7007 8.77754 8.80571 8.7802 8.70047 8.57457 8.42754 8.30939 8.28529 8.37538 8.5308 8.69717 8.84387 8.96334 9.0659 9.173 -9999.0 -9999.0 -9999.0 -9999.0 -9999.0 -9999.0 -9999.0 -9999.0
9.55945 9.50107 9.42148 9.32637 9.22395 9.12607 9.04918 9.01344 9.03808 9.13363 9.29572 9.5052 9.73427 9.95412 10.1402 10.2741 10.3441 10.3443 10.2739 10.1373 9.94403 9.70888 9.45147 9.19508 8.96432 8.783 8.67463 8.66282 8.75947 8.9427 9.16202 9.36617 9.5176 9.59323 9.58166 9.48116 9.29931 9.05474 8.78199 8.54353 8.48196 8.6111 8.77951 8.92566 9.01999 9.04876 9.00686 8.89556 8.72473 8.51916 8.33092 8.27144 8.39007 8.56591 8.73583 8.87597 8.98591 9.08164 9.1887 -9999.0 -9999.0 -9999.0 -9999.0 -9999.0 -9999.0 -9999.0 -9999.0
9.97429 9.8687 9.73525 9.57885 9.40956 9.24421 9.10759 9.02999 9.03788 9.14017 9.32228 9.5537 9.79995 10.0303 10.2204 10.3532 10.4174 10.4074 10.3224 10.1664 9.94855 9.68326 9.39073 9.09576 8.82474 8.60178 8.45088 8.40973 8.52419 8.7675 9.05432 9.31885 9.52217 9.64336 9.6737 9.61402 9.47447 9.27681 9.06 8.89006 8.85108 8.9471 9.09512 9.22945 9.31436 9.33216 9.276 9.14742 8.95758 8.73266 8.52623 8.444 8.52696 8.6654 8.79447 8.89107 8.95786 9.01643 9.10007 -9999.0 -9999.0 -9999.0 -9999.0 -9999.0 -9999.0 -9999.0 -9999.0
10.3822 10.2216 10.0271 9.80213 9.5564 9.30935 9.09352 8.95497 8.93927 9.05911 9.28159 9.55537 9.83517 10.0876 10.2896 10.4255 10.4858 10.4654 10.3638 10.1845 9.93564 9.63172 9.29459 8.9547 8.64814 8.40583 8.24505 8.19147 8.35143 8.67646 9.0301 9.34922 9.60023 9.76665 9.84337 9.83447 9.7531 9.62327 9.48228 9.37901 9.35552 9.41355 9.51351 -9999.0 -9999.0 -9999.0 -9999.0 -9999.0 -9999.0 -9999.0 8.89713 8.79984 8.79858 8.84577 8.89034 8.90701 8.89721 8.88682 8.92142 -9999.0 -9999.0 -9999.0 -9999.0 -9999.0 -9999.0 -9999.0 -9999.0
10.7885 10.574 10.3207 10.0298 9.70903 9.37674 9.06825 8.84612 8.79772 8.95297 9.2352 9.56186 9.8798 10.1563 10.3709 10.5105 10.5674 10.5374 10.42 10.2181 9.93904 9.59611 9.21215 8.82467 8.49033 8.26889 8.1771 8.21486 8.42495 8.76964 9.14562 9.48984 -9999.0 -9999.0 -9999.0 -9999.0 -9999.0 -9999.0 9.96343 9.9068 9.8934 9.92478 9.98089 -9999.0 -9999.0 -9999.0 -9999.0 -9999.0 -9999.0 -9999.0 -9999.0 -9999.0 -9999.0 -9999.0 9.01707 8.93787 8.83268 8.72904 8.68818 8.79229 -9999.0 -9999.0 -9999.0 -9999.0 -9999.0 -9999.0 -9999.0
11.2016 10.9427 10.6425 10.301 9.92436 9.52839 9.14523 8.83644 8.74079 8.95016 9.2826 9.64375 9.98337 10.2718 10.4911 10.63 10.6819 10.6435 10.5144 10.297 9.99767 9.62876 9.21201 8.78615 8.42327 8.25056 8.28056 8.43494 8.69587 9.03529 9.39923 -9999.0 -9999.0 -9999.0 -9999.0 -9999.0 -9999.0 -9999.0 -9999.0 -9999.0 -9999.0 -9999.0 -9999.0 -9999.0 -9999.0 -9999.0 -9999.0 -9999.0 -9999.0 -9999.0 -9999.0 -9999.0 -9999.0 -9999.0 -9999.0 8.99575 8.80439 8.61138 8.48022 8.55281 -9999.0 -9999.0 -9999.0 -9999.0 -9999.0 -9999.0 -9999.0
11.629 11.3406 11.0125 10.6454 10.2465 9.83335 9.44105 9.13681 9.04191 9.21008 9.51563 9.8589 10.185 10.4622 10.6714 10.8012 10.8451 10.7999 10.6653 10.444 10.1429 9.77518 9.36384 8.94985 8.6088 8.48434 8.5835 8.79589 9.08024 -9999.0 -9999.0 -9999.0 -9999.0 -9999.0 -9999.0 -9999.0 -9999.0 -9999.0 -9999.0 -9999.0 -9999.0 -9999.0 -9999.0 -9999.0 -9999.0 -9999.0 -9999.0 -9999.0 -9999.0 -9999.0 -9999.0 -9999.0 -9999.0 -9999.0 -9999.0 9.08218 8.84093 8.61041 8.45759 8.5153 -9999.0 -9999.0 -9999.0 -9999.0 -9999.0 -9999.0 -9999.0
12.0744 11.7729 11.4371 11.0702 10.6824 10.2948 9.94544 9.69416 9.60887 9.70812 9.93519 10.2158 10.495 10.7372 10.9208 11.0324 11.0645 11.0137 10.8801 10.6673 10.3842 10.0466 9.68188 9.33581 9.07959 8.98989 9.07378 -9999.0 -9999.0 -9999.0 -9999.0 -9999.0 -9999.0 -9999.0 -9999.0 -9999.0 -9999.0 -9999.0 -9999.0 -9999.0 -9999.0 -9999.0 -9999.0 -9999.0 -9999.0 -9999.0 -9999.0 -9999.0 -9999.0 -9999.0 -9999.0 -9999.0 -9999.0 -9999.0 -9999.0 9.1749 8.91852 8.69686 8.57508 8.6313 8.88974 -9999.0 -9999.0 -9999.0 -9999.0 -9999.0 -9999.0
12.536 12.2358 11.9091 11.5614 11.2051 10.8621 10.5655 10.3573 10.2738 10.3223 10.4732 10.6789 10.8949 11.0877 11.2344 11.3205 11.3375 11.2816 11.1534 10.9578 10.7053 10.4139 10.1121 9.84134 9.65221 9.58617 9.64934 -9999.0 -9999.0 -9999.0 -9999.0 -9999.0 -9999.0 -9999.0 -9999.0 -9999.0 -9999.0 -9999.0 -9999.0 -9999.0 -9999.0 -9999.0 -9999.0 -9999.0 -9999.0 -9999.0 -9999.0 -9999.0 -9999.0 -9999.0 -9999.0 -9999.0 -9999.0 -9999.0 -9999.0 9.23485 8.97511 8.76557 8.66187 8.71717 8.949 -9999.0 -9999.0 -9999.0 -9999.0 -9999.0 -9999.0
-9999.0 12.7199 12.4128 12.0942 11.7767 11.4795 11.2281 11.0497 10.9645 10.9752 11.0643 11.2011 11.3531 11.4921 11.5971 11.6536 11.653 11.5914 11.4699 11.2939 11.0748 10.8304 10.5865 10.3755 10.2318 10.18 10.2255 -9999.0 -9999.0 -9999.0 -9999.0 -9999.0 -9999.0 -9999.0 -9999.0 -9999.0 -9999.0 -9999.0 -9999.0 -9999.0 -9999.0 -9999.0 -9999.0 -9999.0 -9999.0 -9999.0 -9999.0 -9999.0 -9999.0 -9999.0 -9999.0 -9999.0 -9999.0 -9999.0 -9999.0 -9999.0 8.96162 8.74965 8.64705 8.70446 8.93762 -9999.0 -9999.0 10.3268 10.873 11.4123 11.9302
-9999.0 -9999.0 12.9305 12.6438 12.364 12.1067 11.89 11.7316 11.6429 11.6245 11.6651 11.7442 11.8386 11.9263 11.9895 12.0151 11.9952 11.9262 11.8093 11.6502 11.4597 11.2538 11.0539 10.8845 10.7691 10.724 10.7539 -9999.0 -9999.0 -9999.0 -9999.0 -9999.0 -9999.0 -9999.0 -9999.0 -9999.0 -9999.0 -9999.0 -9999.0 -9999.0 -9999.0 -9999.0 -9999.0 -9999.0 -9999.0 -9999.0 -9999.0 -9999.0 -9999.0 -9999.0 -9999.0 -9999.0 -9999.0 -9999.0 -9999.0 -9999.0 8.86411 8.63527 8.51834 8.58268 8.84587 -9999.0 -9999.0 -9999.0 -9999.0 -9999.0 11.9199
-9999.0 -9999.0 13.4464 13.1902 12.9436 12.7185 12.5276 12.3822 12.289 12.2475 12.2497 12.2818 12.327 12.3686 12.3924 12.3875 12.347 12.268 12.1516 12.0032 11.8324 11.653 11.482 11.3378 11.2375 11.1928 11.2077 -9999.0 -9999.0 -9999.0 -9999.0 -9999.0 -9999.0 -9999.0 -9999.0 -9999.0 -9999.0 -9999.0 -9999.0 -9999.0 -9999.0 -9999.0 -9999.0 -9999.0 -9999.0 -9999.0 -9999.0 -9999.0 -9999.0 -9999.0 -9999.0 -9999.0 -9999.0 -9999.0 -9999.0 -9999.0 -9999.0 8.45829 8.3165 8.39456 8.71799 -9999.0 -9999.0 -9999.0 -9999.0 -9999.0 11.9066
-9999.0 -9999.0 13.9485 13.7193 13.5004 13.3005 13.1283 12.991 12.8926 12.832 12.8035 12.7972 12.8008 12.8021 12.7899 12.7554 12.6932 12.6008 12.4795 12.3341 12.173 12.0074 11.8512 11.7186 11.6227 11.5726 11.5724 -9999.0 -9999.0 -9999.0 -9999.0 -9999.0 -9999.0 -9999.0 -9999.0 -9999.0 -9999.0 -9999.0 -9999.0 -9999.0 -9999.0 -9999.0 -9999.0 -9999.0 -9999.0 -9999.0 -9999.0 -9999.0 -9999.0 -9999.0 -9999.0 -9999.0 -9999.0 -9999.0 -9999.0 -9999.0 -9999.0 -9999.0 8.16805 8.27461 8.64294 -9999.0 -9999.0 -9999.0 10.8355 -9999.0 11.8934
14.8466 -9999.0 -9999.0 -9999.0 14.0258 13.845 13.6861 13.5536 13.4495 13.3728 13.3189 13.2806 13.2491 13.215 13.1698 13.1067 13.0214 12.9121 12.7802 12.6298 12.468 12.3045 12.1506 12.0179 11.9172 11.8565 -9999.0 -9999.0 -9999.0 -9999.0 -9999.0 -9999.0 -9999.0 -9999.0 -9999.0 -9999.0 -9999.0 -9999.0 -9999.0 -9999.0 -9999.0 -9999.0 -9999.0 -9999.0 -9999.0 -9999.0 -9999.0 -9999.0 -9999.0 -9999.0 -9999.0 -9999.0 -9999.0 -9999.0 -9999.0 -9999.0 -9999.0 8.1572 8.13377 -9999.0 -9999.0 -9999.0 -9999.0 -9999.0 10.8359 11.3778 -9999.0
15.2617 15.0713 -9999.0 -9999.0 -9999.0 14.3489 14.1992 14.0688 13.9588 13.8679 13.7925 13.7272 13.6652 13.5997 13.524 13.4329 13.3231 13.1934 13.0451 12.8819 12.71 12.5377 12.3749 12.2317 12.1178 12.0411 -9999.0 -9999.0 -9999.0 -9999.0 -9999.0 -9999.0 -9999.0 -9999.0 -9999.0 -9999.0 -9999.0 -9999.0 -9999.0 -9999.0 -9999.0 -9999.0 -9999.0 -9999.0 -9999.0 -9999.0 -9999.0 -9999.0 -9999.0 -9999.0 -9999.0 -9999.0 -9999.0 -9999.0 -9999.0 -9999.0 -9999.0 -9999.0 -9999.0 -9999.0 -9999.0 -9999.0 -9999.0 -9999.0 10.8477 11.3836 -9999.0
15.6516 15.4772 -9999.0 -9999.0 -9999.0 -9999.0 -9999.0 14.5379 14.4217 14.318 14.2239 14.1351 14.0463 13.9523 13.8479 13.7292 13.5935 13.44 13.2699 13.0866 12.8958 12.7049 12.5229 12.3595 12.2243 12.1257 -9999.0 -9999.0 -9999.0 -9999.0 -9999.0 -9999.0 -9999.0 -9999.0 -9999.0 -9999.0 -9999.0 -9999.0 -9999.0 -9999.0 -9999.0 -9999.0 -9999.0 -9999.0 -9999.0 -9999.0 -9999.0 -9999.0 -9999.0 -9999.0 -9999.0 -9999.0 -9999.0 -9999.0 -9999.0 -9999.0 -9999.0 -9999.0 -9999.0 -9999.0 -9999.0 -9999.0 -9999.0 -9999.0 -9999.0 11.4019 -9999.0
16.0151 15.8546 15.694 -9999.0 -9999.0 -9999.0 -9999.0 14.963 14.8405 14.7252 14.6144 14.5047 14.3919 14.2717 14.1401 13.9938 13.8308 13.6504 13.4538 13.2441 13.0264 12.8077 12.5969 12.4038 12.2388 12.1117 -9999.0 -9999.0 -9999.0 -9999.0 -9999.0 -9999.0 -9999.0 -9999.0 -9999.0 -9999.0 -9999.0 -9999.0 -9999.0 -9999.0 -9999.0 -9999.0 -9999.0 -9999.0 -9999.0 -9999.0 -9999.0 -9999.0 -9999.0 -9999.0 -9999.0 -9999.0 -9999.0 -9999.0 -9999.0 -9999.0 7.40307 7.5314 7.73772 8.09586 -9999.0 -9999.0 -9999.0 -9999.0 -9999.0 -9999.0 -9999.0
16.352 16.2033 -9999.0 -9999.0 -9999.0 -9999.0 -9999.0 -9999.0 -9999.0 15.0924 14.9665 14.838 14.7033 14.5588 14.4011 14.2276 14.0362 13.8265 13.5994 13.3578 13.1062 12.8514 12.6025 12.3701 12.1661 12.0026 -9999.0 -9999.0 -9999.0 -9999.0 -9999.0 -9999.0 -9999.0 -9999.0 -9999.0 -9999.0 -9999.0 -9999.0 -9999.0 -9999.0 -9999.0 -9999.0 -9999.0 -9999.0 -9999.0 -9999.0 -9999.0 -9999.0 -9999.0 -9999.0 -9999.0 -9999.0 7.7906 7.42525 7.31077 7.30374 7.35322 7.44919 7.63458 8.05959 8.62617 9.24198 9.85996 -9999.0 11.0035 -9999.0 -9999.0
-9999.0 -9999.0 -9999.0 -9999.0 -9999.0 -9999.0 -9999.0 -9999.0 -9999.0 15.4231 15.2837 15.1381 14.9834 14.8163 14.6338 14.4334 14.2133 13.9727 13.7123 13.4343 13.143 12.8449 12.5492 12.2677 12.0144 11.8052 -9999.0 -9999.0 -9999.0 -9999.0 -9999.0 -9999.0 -9999.0 -9999.0 -9999.0 -9999.0 -9999.0 -9999.0 -9999.0 -9999.0 -9999.0 -9999.0 -9999.0 -9999.0 -9999.0 -9999.0 -9999.0 -9999.0 -9999.0 -9999.0 -9999.0 -9999.0 7.87669 7.56338 7.50955 -9999.0 7.58926 7.64523 7.83767 8.26576 8.82636 9.43234 10.0344 10.6054 11.1302 11.5999 -9999.0
-9999.0 -9999.0 -9999.0 -9999.0 -9999.0 -9999.0 -9999.0 16.0074 -9999.0 15.7214 15.5696 15.4087 15.2358 15.0479 14.8421 14.6159 14.3674 14.0954 13.8002 13.4832 13.1481 12.8009 12.4509 12.1107 11.7972 11.5306 -9999.0 -9999.0 -9999.0 -9999.0 -9999.0 -9999.0 -9999.0 -9999.0 -9999.0 -9999.0 -9999.0 -9999.0 -9999.0 -9999.0 -9999.0 -9999.0 -9999.0 -9999.0 12.0318 11.6971 11.304 -9999.0 -9999.0 -9999.0 -9999.0 8.73768 8.31346 -9999.0 7.99886 8.01815 -9999.0 -9999.0 8.34382 8.71463 9.2063 9.75128 10.3007 10.8247 11.3055 11.7331 12.102
-9999.0 -9999.0 -9999.0 -9999.0 -9999.0 -9999.0 -9999.0 -9999.0 16.1443 -9999.0 15.8283 15.6539 15.4647 15.2581 15.031 14.7808 14.5053 14.2029 13.873 13.5165 13.1359 12.7364 12.3266 11.9199 11.5352 11.198 10.9386 -9999.0 -9999.0 -9999.0 -9999.0 -9999.0 -9999.0 -9999.0 -9999.0 -9999.0 -9999.0 -9999.0 -9999.0 -9999.0 12.7009 12.6083 12.4622 12.2632 12.0119 11.7093 11.3572 10.9599 -9999.0 -9999.0 -9999.0 -9999.0 -9999.0 -9999.0 8.6233 -9999.0 -9999.0 -9999.0 -9999.0 -9999.0 -9999.0 -9999.0 -9999.0 11.1005 11.5237 11.8989 12.2188
-9999.0 -9999.0 -9999.0 -9999.0 -9999.0 -9999.0 -9999.0 -9999.0 -9999.0 -9999.0 16.064 15.8778 15.6746 15.4516 15.2057 14.9341 14.6342 14.3039 13.9419 13.5479 13.1234 12.672 12.2013 11.7236 11.2593 10.8381 10.5013 -9999.0 -9999.0 -9999.0 -9999.0 -9999.0 -9999.0 -9999.0 -9999.0 -9999.0 -9999.0 -9999.0 -9999.0 -9999.0 12.5846 12.5053 12.3765 12.2009 11.9806 11.7183 11.4178 11.0848 -9999.0 -9999.0 -9999.0 -9999.0 -9999.0 -9999.0 -9999.0 -9999.0 -9999.0 -9999.0 -9999.0 -9999.0 -9999.0 -9999.0 -9999.0 -9999.0 11.7715 12.0887 12.3551
-9999.0 -9999.0 -9999.0 -9999.0 -9999.0 -9999.0 -9999.0 -9999.0 -9999.0 16.46 16.2803 16.0845 15.8698 15.6331 15.3716 15.0821 14.7616 14.4077 14.0181 13.5918 13.1287 12.631 12.1041 11.5587 11.0134 10.5001 10.069 9.79043 -9999.0 -9999.0 -9999.0 -9999.0 -9999.0 -9999.0 -9999.0 -9999.0 -9999.0 -9999.0 -9999.0 -9999.0 12.4419 12.3735 12.2615 12.1101 11.9237 11.7063 11.4627 11.1993 -9999.0 -9999.0 -9999.0 -9999.0 -9999.0 -9999.0 -9999.0 -9999.0 -9999.0 -9999.0 -9999.0 -9999.0 -9999.0 -9999.0 -9999.0 -9999.0 -9999.0 12.2905 12.5027
-9999.0 -9999.0 -9999.0 -9999.0 -9999.0 -9999.0 -9999.0 -9999.0 -9999.0 -9999.0 16.4811 16.2778 16.0542 15.8072 15.5336 15.2304 14.8943 14.5223 14.1119 13.6611 13.1688 12.6359 12.0656 11.4661 10.8531 10.2554 9.7245 9.35129 9.26592 -9999.0 -9999.0 -9999.0 -9999.0 -9999.0 -9999.0 -9999.0 -9999.0 -9999.0 -9999.0 12.2883 12.2689 12.2064 12.1076 11.9791 11.8265 11.6551 -9999.0 -9999.0 -9999.0 -9999.0 -9999.0 -9999.0 -9999.0 -9999.0 -9999.0 -9999.0 -9999.0 -9999.0 -9999.0 -9999.0 -9999.0 -9999.0 -9999.0 -9999.0 -9999.0 12.4921 12.6525
-9999.0 -9999.0 -9999.0 -9999.0 -9999.0 -9999.0 -9999.0 -9999.0 -9999.0 -9999.0 16.6693 16.4611 16.2314 15.9774 15.6959 15.3836 15.0375 14.6544 14.2315 13.7663 13.2574 12.7048 12.111 11.4825 10.8328 10.1876 9.59331 9.13574 9.01454 -9999.0 -9999.0 -9999.0 -9999.0 -9999.0 -9999.0 -9999.0 -9999.0 -9999.0 12.071 12.0889 12.0611 11.9969 11.9055 11.7955 11.6744 11.5478 -9999.0 -9999.0 -9999.0 -9999.0 -9999.0 -9999.0 -9999.0 -9999.0 -9999.0 -9999.0 -9999.0 -9999.0 11.3521 -9999.0 -9999.0 -9999.0 -9999.0 -9999.0 -9999.0 -9999.0 -9999.0
-9999.0 -9999.0 -9999.0 -9999.0 -9999.0 -9999.0 -9999.0 -9999.0 -9999.0 -9999.0 -9999.0 -9999.0 16.4043 16.1467 15.8614 15.5452 15.1951 14.8081 14.3815 13.9131 13.4017 12.8474 12.2532 11.6264 10.9815 10.346 9.77 9.3456 9.22184 9.42617 9.79906 10.2239 -9999.0 -9999.0 -9999.0 11.5539 11.7232 11.8262 11.8695 11.862 11.8143 11.7382 11.6459 11.5483 11.4543 11.3702 -9999.0 -9999.0 -9999.0 -9999.0 -9999.0 -9999.0 -9999.0 -9999.0 -9999.0 -9999.0 -9999.0 -9999.0 -9999.0 -9999.0 -9999.0 -9999.0 -9999.0 -9999.0 -9999.0 12.8489 -9999.0
