setup_data/66100_caitjcampbell_Annual_NoAm_Map_H_1980_2010/66100_caitjcampbell_Annual_NoAm_Map_H_1980_2010/stdkrig.asc
ncols 260
nrows 141
xllcorner -177.1999969482422
yllcorner 6.0
cellsize 0.5
NODATA_value -9999
[rows 29 to 57 of 141, columns 134 to 200 of 260]
10.7633 10.9779 11.1815 11.3721 11.5486 11.71 11.8558 11.9857 12.0995 12.1974 12.2793 12.3456 12.3967 12.4328 12.4546 12.4626 12.4576 12.4403 12.4118 12.3731 12.3256 12.2707 12.2103 12.1463 12.0809 12.0167 11.9562 11.9022 11.8575 11.8247 11.8063 11.8042 11.8199 11.854 11.9067 -9999.0 -9999.0 -9999.0 -9999.0 -9999.0 -9999.0 -9999.0 -9999.0 -9999.0 -9999.0 -9999.0 -9999.0 -9999.0 -9999.0 -9999.0 -9999.0 -9999.0 -9999.0 -9999.0 -9999.0 -9999.0 -9999.0 -9999.0 -9999.0 -9999.0 15.3016 15.4115 15.5192 -9999.0 15.7282 15.8298 15.9297
10.9684 11.1586 11.34 11.5104 11.6681 11.8119 11.9409 12.0545 12.1524 12.2343 12.3003 12.3503 12.3845 12.4033 12.4068 12.3956 12.3703 12.3314 12.28 12.217 12.1437 12.0618 11.973 11.8797 11.7845 11.6904 11.6009 11.5197 11.4508 11.398 11.3649 11.3544 11.3687 11.4087 -9999.0 -9999.0 -9999.0 -9999.0 -9999.0 -9999.0 -9999.0 -9999.0 -9999.0 -9999.0 -9999.0 -9999.0 -9999.0 -9999.0 -9999.0 -9999.0 -9999.0 -9999.0 -9999.0 -9999.0 -9999.0 -9999.0 -9999.0 -9999.0 -9999.0 -9999.0 -9999.0 -9999.0 -9999.0 -9999.0 -9999.0 16.0073 16.108
11.2296 11.3869 11.5381 11.6807 11.8126 11.9325 12.039 12.1313 12.2088 12.2711 12.3178 12.3487 12.364 12.3634 12.3473 12.3157 12.2691 12.2079 12.1328 12.0447 11.9445 11.8339 11.7147 11.5891 11.4602 11.3316 11.2075 11.0929 10.9933 10.9143 10.8616 10.8397 10.8521 -9999.0 -9999.0 -9999.0 -9999.0 -9999.0 -9999.0 -9999.0 -9999.0 -9999.0 -9999.0 -9999.0 -9999.0 -9999.0 -9999.0 -9999.0 -9999.0 -9999.0 -9999.0 -9999.0 -9999.0 -9999.0 -9999.0 -9999.0 -9999.0 -9999.0 -9999.0 -9999.0 -9999.0 -9999.0 -9999.0 15.944 16.052 16.1566 16.258
11.5101 11.6321 11.7501 11.8615 11.9643 12.0568 12.1377 12.2059 12.2606 12.301 12.3268 12.3374 12.3327 12.3125 12.2767 12.2252 12.1581 12.0756 11.9781 11.866 11.7403 11.6019 11.4526 11.2945 11.1305 10.9645 10.8014 10.6473 10.5098 10.3971 10.3181 10.2807 -9999.0 -9999.0 -9999.0 -9999.0 -9999.0 -9999.0 -9999.0 -9999.0 -9999.0 -9999.0 -9999.0 -9999.0 -9999.0 -9999.0 -9999.0 -9999.0 -9999.0 -9999.0 -9999.0 -9999.0 -9999.0 -9999.0 -9999.0 -9999.0 -9999.0 -9999.0 -9999.0 -9999.0 -9999.0 -9999.0 -9999.0 -9999.0 -9999.0 16.2803 16.3821
11.7787 11.8666 11.9516 12.0317 12.1047 12.1691 12.2234 12.2665 12.2975 12.3156 12.3202 12.3106 12.2865 12.2476 12.1935 12.124 12.039 11.9383 11.8219 11.6899 11.5429 11.3814 11.2065 11.0199 10.8241 10.6227 10.4206 10.2246 10.0436 9.88929 9.77529 9.71595 -9999.0 -9999.0 -9999.0 -9999.0 -9999.0 -9999.0 -9999.0 -9999.0 -9999.0 -9999.0 -9999.0 -9999.0 -9999.0 -9999.0 -9999.0 -9999.0 -9999.0 -9999.0 -9999.0 -9999.0 -9999.0 -9999.0 -9999.0 -9999.0 -9999.0 -9999.0 -9999.0 -9999.0 -9999.0 -9999.0 -9999.0 -9999.0 -9999.0 16.3806 16.4823
12.0119 12.0684 12.1228 12.173 12.2174 12.2544 12.2828 12.3013 12.3092 12.3055 12.2896 12.261 12.2191 12.1635 12.0938 12.0096 11.9107 11.7966 11.6671 11.5221 11.3615 11.1854 10.9945 10.7897 10.5729 10.3467 10.1154 9.88512 9.66481 9.46718 9.31036 9.21911 -9999.0 -9999.0 -9999.0 -9999.0 -9999.0 -9999.0 -9999.0 -9999.0 -9999.0 -9999.0 -9999.0 -9999.0 -9999.0 -9999.0 -9999.0 -9999.0 -9999.0 -9999.0 -9999.0 -9999.0 -9999.0 -9999.0 -9999.0 -9999.0 -9999.0 -9999.0 -9999.0 -9999.0 -9999.0 -9999.0 -9999.0 -9999.0 16.3531 16.4589 16.5601
12.1938 12.2221 12.2485 12.2713 12.289 12.3003 12.3042 12.2994 12.2853 12.2611 12.2263 12.1802 12.1226 12.0529 11.9709 11.8762 11.7684 11.6471 11.512 11.3627 11.1988 11.0203 10.8274 10.6205 10.4009 10.1707 9.9336 9.69474 9.46206 9.24706 9.0665 8.94588 8.93697 9.08305 9.31548 -9999.0 -9999.0 -9999.0 -9999.0 -9999.0 -9999.0 -9999.0 -9999.0 -9999.0 -9999.0 -9999.0 -9999.0 -9999.0 -9999.0 -9999.0 -9999.0 -9999.0 -9999.0 -9999.0 -9999.0 -9999.0 -9999.0 -9999.0 -9999.0 -9999.0 -9999.0 -9999.0 -9999.0 16.3014 16.4116 16.5164 16.6164
12.3136 12.3169 12.3182 12.3161 12.3094 12.297 12.278 12.2516 12.217 12.1738 12.1215 12.0598 11.9885 11.9074 11.8163 11.7152 11.6037 11.4817 11.3488 11.2047 11.049 10.8816 10.7025 10.512 10.3115 10.1032 9.8905 9.67927 9.47799 9.29914 9.16076 9.08786 9.10807 9.23147 9.43985 9.70704 -9999.0 -9999.0 -9999.0 -9999.0 -9999.0 -9999.0 -9999.0 -9999.0 -9999.0 -9999.0 -9999.0 -9999.0 -9999.0 -9999.0 -9999.0 -9999.0 -9999.0 -9999.0 -9999.0 -9999.0 -9999.0 -9999.0 -9999.0 -9999.0 -9999.0 -9999.0 -9999.0 -9999.0 16.4504 16.5535 16.6516
12.3652 12.3463 12.325 12.3004 12.2714 12.2373 12.1972 12.1506 12.0969 12.036 11.9676 11.8916 11.8083 11.7178 11.6203 11.5162 11.4055 11.2885 11.165 11.0349 10.898 10.7541 10.6033 10.4459 10.2834 10.1179 9.95338 9.79559 9.65284 9.53627 9.4596 9.43749 9.48162 9.59578 9.77419 10.0048 -9999.0 -9999.0 -9999.0 -9999.0 -9999.0 -9999.0 -9999.0 -9999.0 -9999.0 -9999.0 -9999.0 -9999.0 -9999.0 -9999.0 -9999.0 -9999.0 -9999.0 -9999.0 -9999.0 -9999.0 -9999.0 -9999.0 -9999.0 -9999.0 -9999.0 -9999.0 -9999.0 -9999.0 -9999.0 -9999.0 16.6657
12.3453 12.3064 12.2649 12.2199 12.1706 12.1165 12.0569 11.9914 11.9199 11.8423 11.7585 11.6691 11.5746 11.4757 11.3732 11.2682 11.1615 11.0537 10.9453 10.8364 10.7268 10.6164 10.5049 10.3926 10.2804 10.1702 10.0651 9.96995 9.89118 9.83666 9.81503 9.83439 9.90061 10.0157 10.1773 10.3797 10.6151 10.8751 11.1523 11.4399 11.7327 -9999.0 -9999.0 -9999.0 -9999.0 -9999.0 -9999.0 -9999.0 -9999.0 -9999.0 -9999.0 -9999.0 -9999.0 -9999.0 -9999.0 -9999.0 -9999.0 -9999.0 -9999.0 -9999.0 -9999.0 -9999.0 -9999.0 -9999.0 -9999.0 -9999.0 -9999.0
12.2529 12.1962 12.1363 12.0727 12.0049 11.9324 11.8548 11.7719 11.6836 11.5899 11.4914 11.3886 11.2827 11.1751 11.0677 10.9622 10.8605 10.7644 10.6748 10.5922 10.5165 10.4469 10.3825 10.3228 10.2675 10.2175 10.1747 10.142 10.1237 10.1248 10.1505 10.2055 10.2931 10.4146 10.5693 10.754 10.9647 11.1961 11.4432 11.701 11.9652 12.2321 12.4987 12.7624 13.0214 -9999.0 -9999.0 -9999.0 -9999.0 -9999.0 -9999.0 -9999.0 -9999.0 -9999.0 -9999.0 -9999.0 -9999.0 -9999.0 -9999.0 -9999.0 -9999.0 16.1316 16.2421 -9999.0 -9999.0 -9999.0 -9999.0
12.0892 12.0163 11.9397 11.8592 11.7745 11.6852 11.5912 11.4923 11.3885 11.2798 11.1669 11.0507 10.9326 10.815 10.7008 10.5932 10.4957 10.4116 10.3428 10.2902 10.2532 10.2301 10.2184 10.2158 10.2205 10.2317 10.2496 10.2756 10.3121 10.3622 10.4289 10.5153 10.6235 10.7547 10.9086 11.084 11.2786 11.4893 11.7129 11.946 12.1854 12.4282 12.6719 12.9142 13.1535 13.3881 -9999.0 -9999.0 -9999.0 -9999.0 -9999.0 -9999.0 -9999.0 -9999.0 -9999.0 -9999.0 -9999.0 -9999.0 -9999.0 -9999.0 -9999.0 16.1001 16.2058 16.3058 -9999.0 -9999.0 -9999.0
11.8574 11.7697 11.6778 11.5817 11.4815 11.3771 11.2686 11.1558 11.0386 10.917 10.7912 10.662 10.5313 10.4018 10.2778 10.1645 10.0679 9.99386 9.94629 9.92657 9.933 9.96152 10.007 10.0644 10.1297 10.2004 10.2753 10.3546 10.4396 10.5321 10.6343 10.7483 10.8758 11.018 11.1751 11.3468 11.532 11.7289 11.9356 12.1499 12.3697 12.5927 12.8169 13.0406 13.2622 13.4803 13.6938 13.9017 14.1034 14.2982 -9999.0 -9999.0 -9999.0 -9999.0 -9999.0 -9999.0 -9999.0 -9999.0 -9999.0 -9999.0 -9999.0 16.0457 16.1462 -9999.0 -9999.0 -9999.0 16.4961
11.5631 11.4617 11.3553 11.2446 11.1301 11.0123 10.8916 10.768 10.6411 10.5105 10.3757 10.2369 10.0952 9.95348 9.81681 9.69281 9.59135 9.52298 9.49576 9.51202 9.56737 9.653 9.75903 9.87694 10.0005 10.1259 10.2512 10.3764 10.5021 10.63 10.7618 10.8993 11.0442 11.1974 11.3598 11.5315 11.712 11.9006 12.0961 12.2972 12.5025 12.7103 12.9193 13.128 13.335 13.5392 13.7396 13.9352 14.1254 14.3094 14.4868 14.6573 14.8206 14.9765 15.125 15.2661 15.3998 -9999.0 -9999.0 -9999.0 -9999.0 -9999.0 -9999.0 -9999.0 16.2353 16.3153 16.391
11.2155 11.1011 10.9805 10.8553 10.7268 10.5969 10.4665 10.3361 10.2053 10.0728 9.93701 9.79661 9.65126 9.50251 9.35485 9.21706 9.10333 9.03286 9.02375 9.08093 9.19229 9.33894 9.50442 9.67726 9.85042 10.0202 10.1852 10.3456 10.5025 10.6575 10.8123 10.9686 11.128 11.2914 11.4599 11.6336 11.8128 11.9971 12.1859 12.3786 12.5741 12.7713 12.9693 13.1669 13.3629 13.5565 13.7465 13.9323 14.113 14.288 14.4569 14.6192 14.7746 14.923 15.0642 15.1983 15.3253 -9999.0 -9999.0 -9999.0 -9999.0 15.8602 15.9492 16.0331 16.1122 16.1869 16.2577
10.8286 10.7019 10.5667 10.4257 10.2822 10.1398 10.0016 9.86896 9.74158 9.61736 9.49317 9.36577 9.2327 9.09324 8.9495 8.80807 8.68272 8.59971 8.60372 8.71136 8.88108 9.07975 9.28882 9.49792 9.70169 9.89793 10.0864 10.2682 10.4446 10.6173 10.788 10.9581 11.1288 11.301 11.4754 11.6525 11.8326 12.0156 12.2013 12.3893 12.5791 12.7699 12.9609 13.1512 13.3399 13.5261 13.709 13.8876 14.0614 14.2296 14.3918 14.5475 14.6964 14.8384 14.9732 15.1009 15.2216 -9999.0 -9999.0 -9999.0 -9999.0 -9999.0 15.8083 15.8863 15.9597 16.0289 16.0944
10.424 10.2863 10.1355 9.976 9.8139 9.65634 9.50989 9.37853 9.26239 9.15805 9.06036 8.96421 8.86568 8.76257 8.65525 8.54823 8.45304 8.39389 8.41823 8.54577 8.7291 8.93599 9.14968 9.36141 9.56721 9.76604 9.95847 10.1458 10.3295 10.5108 10.6907 10.8699 11.049 11.2285 11.4085 11.5896 11.772 11.9558 12.141 12.3275 12.515 12.7029 12.8907 13.0774 13.2624 13.4447 13.6235 13.798 13.9674 14.1312 14.2887 14.4396 14.5835 14.7203 14.8498 14.9719 15.0868 -9999.0 -9999.0 -9999.0 -9999.0 -9999.0 15.6368 15.7086 15.776 15.8395 15.8995
10.0322 9.88717 9.72148 9.54077 9.35437 9.17491 9.01599 8.88717 8.78904 8.71444 8.65456 8.60321 8.557 8.51401 8.47359 8.43827 8.41658 8.4242 8.47861 8.58503 8.73142 8.9004 9.07883 9.25928 9.43873 9.61687 9.79472 9.97353 10.1541 10.3367 10.5209 10.7062 10.8918 11.0773 11.2627 11.4479 11.6334 11.8193 12.0059 12.1933 12.3814 12.5696 12.7575 12.9442 13.1289 13.3107 13.4886 13.6618 13.8296 13.9912 14.1462 14.2941 14.4345 14.5674 14.6925 14.81 14.9197 15.0221 15.1172 -9999.0 -9999.0 15.3631 15.4334 15.4987 15.5597 15.6169 15.671
9.69107 9.54792 9.37409 9.17513 8.96179 8.75178 8.57073 8.44345 8.36984 8.32871 8.30484 8.29537 8.30301 8.32741 8.36332 8.40563 8.45381 8.51207 8.58591 8.67779 8.78541 8.90378 9.02844 9.15731 9.29091 9.43143 9.58133 9.74211 9.9136 10.0941 10.2808 10.471 10.6624 10.8534 11.0433 11.2323 11.4207 11.6092 11.7983 11.9883 12.1793 12.3707 12.5618 12.7518 12.9396 13.1241 13.3042 13.479 13.6477 13.8095 13.9638 14.1104 14.2489 14.379 14.5008 14.6143 14.7196 14.8169 14.9064 14.9887 -9999.0 -9999.0 -9999.0 15.2551 15.3092 15.3596 15.4072
9.43727 9.31198 9.14753 8.94885 8.72573 8.49487 8.28489 8.15815 8.11164 8.08692 8.07082 8.07359 8.11706 8.20254 8.30747 8.41328 8.51146 8.60018 8.68072 8.75502 8.82453 8.89052 8.95521 9.02267 9.09901 9.19136 9.30573 9.4448 9.60686 9.78669 9.97771 10.1739 10.3708 10.566 10.7587 10.9495 11.1393 11.3296 11.5214 11.7152 11.911 12.1082 12.3057 12.5023 12.6965 12.8868 13.072 13.2511 13.4229 13.5869 13.7424 13.8891 14.0268 14.1554 14.2747 14.3849 14.4861 14.5786 14.6628 -9999.0 -9999.0 -9999.0 -9999.0 14.9768 15.0232 15.0661 15.1065
9.29152 9.2014 9.0693 8.90133 8.70868 8.50971 8.33245 8.20728 8.13296 8.08241 8.04165 8.02058 8.07245 8.19787 8.33921 8.47353 8.58987 8.68371 8.75415 8.80227 8.83048 8.84255 8.84434 8.84465 8.85573 8.89228 8.96752 9.08704 9.24565 9.43112 9.63039 9.83338 10.034 10.2297 10.4206 10.6086 10.7962 10.9858 11.1793 11.3775 11.5801 11.7858 11.993 12.1995 12.4033 12.6025 12.7954 12.9808 13.1578 13.3255 13.4835 13.6315 13.7694 13.897 14.0145 14.122 14.2196 14.3075 14.3863 14.4563 -9999.0 14.5727 14.6206 14.6629 14.7008 14.7352 14.7674
9.24779 9.20203 9.11582 8.99631 8.85469 8.70618 8.56783 8.45257 8.36305 8.29489 8.24781 8.23435 8.27417 8.36504 8.48021 8.59489 8.69342 8.76701 8.81137 8.82533 8.81016 8.7696 8.71033 8.64303 8.58411 8.55743 8.59133 8.69982 8.86704 9.06554 9.27395 9.4795 9.6763 9.8634 10.0432 10.22 10.3987 10.5835 10.7772 10.9803 11.1919 11.4094 11.6298 11.8497 12.0662 12.2767 12.4794 12.6728 12.8559 13.0282 13.1894 13.3393 13.4779 13.6052 13.7213 13.8264 13.9207 14.0043 14.0776 14.1412 14.1957 14.2418 14.2807 14.3134 14.3413 14.3659 14.3885
9.27688 9.27326 9.23187 9.15909 9.06395 8.9572 8.84961 8.74986 8.66342 8.59404 8.5468 8.52913 8.54668 8.59648 8.66606 8.73919 8.80132 8.84154 8.85276 8.83138 8.77709 8.69292 8.58551 8.46568 8.34958 8.26209 8.2504 8.36556 8.54749 8.75177 8.95583 9.14817 9.32488 9.48751 9.64152 9.79464 9.95507 10.1295 10.3216 10.5312 10.7553 10.9887 11.2262 11.4627 11.6942 11.9176 12.1308 12.3325 12.5218 12.6987 12.8629 13.0146 13.1539 13.2811 13.3962 13.4993 13.5904 13.6699 13.7379 13.7948 13.8413 13.8783 13.9069 13.9286 13.9449 13.9577 13.9689
9.33955 9.36905 9.36298 9.32623 9.2655 9.1885 9.10304 9.01632 8.93462 8.86376 8.80954 8.77722 8.76958 8.78471 8.81539 8.85075 8.87878 8.88846 8.87123 8.82186 8.73912 8.62642 8.49236 8.35115 8.22289 8.13494 8.12483 8.21367 8.36604 8.54009 8.71072 8.86545 9.00068 9.11951 9.23016 9.34444 9.47541 9.63374 9.82406 10.0439 10.2855 10.5397 10.7978 11.0528 11.2998 11.5355 11.7581 11.9665 12.1606 12.3405 12.5065 12.6593 12.799 12.926 13.0402 13.1418 13.2304 13.3061 13.3689 13.4191 13.4571 13.484 13.501 13.5098 13.5124 13.5111 13.5085
9.39939 9.45138 9.46912 9.45618 9.4175 9.35878 9.28603 9.20525 9.12244 9.04369 8.97516 8.92248 8.88947 8.87657 8.87981 8.89094 8.8989 8.89198 8.85999 8.79607 8.69814 8.57016 8.42355 8.27816 8.16088 8.09848 8.10584 8.17752 8.29039 8.41681 8.53578 8.63585 8.71404 8.77436 8.82694 8.8879 8.97785 9.11555 9.30747 9.54452 9.81004 10.0882 10.3671 10.6387 10.898 11.1423 11.3702 11.5816 11.7769 11.9569 12.1226 12.2748 12.4142 12.5409 12.6547 12.7555 12.8425 12.9153 12.9735 13.0171 13.0464 13.0622 13.0661 13.0599 13.0461 13.0277 13.008
9.43014 9.49443 9.52516 9.52511 9.49803 9.44816 9.37997 9.29813 9.20768 9.11439 9.02504 8.94721 8.88818 8.85275 8.84053 8.84449 8.85214 8.84885 8.8214 8.76052 8.66245 8.53017 8.37516 8.21999 8.10111 8.05756 8.08977 8.16603 8.25734 8.34292 8.40971 8.45198 8.47043 8.47074 8.46313 8.4644 8.5031 8.61778 8.82092 9.08321 9.37303 9.66991 9.96165 10.2411 10.5042 10.7491 10.9753 11.1833 11.3744 11.5501 11.7122 11.8619 12.0 12.1265 12.241 12.3423 12.4294 12.5008 12.5556 12.5933 12.6138 12.6178 12.6069 12.5833 12.55 12.5108 12.47
9.41641 9.48318 9.51733 9.52133 9.49821 9.45106 9.38288 9.2966 9.19558 9.08442 8.96997 8.86226 8.77428 8.7191 8.70294 8.71896 8.74905 8.77202 8.77021 8.73208 8.65278 8.53441 8.38685 8.22978 8.09838 8.06817 8.12206 8.19618 8.26295 8.30717 8.32224 8.3091 8.27504 8.23077 8.18672 8.1537 8.15238 8.24501 8.46494 8.73641 9.02707 9.31974 9.60451 9.87548 10.1291 10.3637 10.5787 10.7753 10.9554 11.1214 11.2759 11.4207 11.5568 11.6839 11.8007 11.9051 11.9948 12.0674 12.1209 12.1539 12.1661 12.1578 12.1305 12.087 12.0307 11.9664 11.8996
9.34982 9.40973 9.43912 9.44057 9.41686 9.37041 9.30287 9.21518 9.10815 8.98381 8.84715 8.70863 8.58695 8.50976 8.50034 8.54979 8.62375 8.69038 8.7288 8.72782 8.68412 8.60157 8.49164 8.37528 8.28442 8.25007 8.26658 8.29986 8.3216 8.3157 8.27667 8.20941 8.12987 8.06196 8.02322 8.01652 8.04966 8.14793 8.32099 8.54393 8.79095 9.04616 9.29968 9.54454 9.77547 9.98899 10.1837 10.3604 10.5217 10.6715 10.8137 10.9512 11.0851 11.2146 11.3369 11.4484 11.5447 11.6219 11.6768 11.7072 11.712 11.6912 11.6465 11.5806 11.4979 11.4038 11.3055
9.22534 9.27055 9.28871 9.28298 9.25679 9.21281 9.15202 9.07338 8.97473 8.85461 8.7146 8.5622 8.4148 8.3087 8.31635 8.41549 8.53522 8.64141 8.71604 8.75092 8.7452 8.70441 8.64002 8.56864 8.50866 8.47202 8.45596 8.44492 8.42058 8.36932 8.28547 8.17347 8.05223 7.96619 7.96103 8.00244 8.06874 8.16208 8.28735 8.44293 8.62299 8.82094 9.02919 9.23869 9.44021 9.62651 9.79392 9.94282 10.0772 10.2032 10.3276 10.4552 10.5877 10.723 10.8559 10.9797 11.0876 11.1738 11.2335 11.2635 11.2623 11.2296 11.1669 11.0771 10.965 10.837 10.7018
