setup_data/66100_caitjcampbell_Annual_NoAm_Map_H_1980_2010/66100_caitjcampbell_Annual_NoAm_Map_H_1980_2010/stdkrig.asc
ncols 260
nrows 141
xllcorner -177.1999969482422
yllcorner 6.0
cellsize 0.5
NODATA_value -9999
[rows 0 to 28 of 141, columns 67 to 133 of 260]
-9999.0 -9999.0 -9999.0 -9999.0 -9999.0 -9999.0 -9999.0 -9999.0 -9999.0 -9999.0 -9999.0 -9999.0 -9999.0 -9999.0 -9999.0 -9999.0 -9999.0 -9999.0 -9999.0 -9999.0 -9999.0 -9999.0 -9999.0 -9999.0 -9999.0 -9999.0 -9999.0 -9999.0 -9999.0 -9999.0 -9999.0 -9999.0 -9999.0 -9999.0 -9999.0 -9999.0 -9999.0 -9999.0 -9999.0 -9999.0 -9999.0 -9999.0 9.52624 9.39665 9.27648 9.16796 9.07387 8.99794 8.94607 8.93154 8.94896 -9999.0 9.03983 9.10415 9.17686 9.25561 9.33841 9.4236 9.50978 9.59573 9.68045 9.76306 9.84282 -9999.0 -9999.0 -9999.0 -9999.0
-9999.0 -9999.0 -9999.0 -9999.0 -9999.0 -9999.0 -9999.0 -9999.0 -9999.0 -9999.0 -9999.0 -9999.0 -9999.0 -9999.0 -9999.0 -9999.0 -9999.0 -9999.0 -9999.0 -9999.0 -9999.0 -9999.0 -9999.0 -9999.0 -9999.0 -9999.0 -9999.0 -9999.0 -9999.0 -9999.0 -9999.0 -9999.0 -9999.0 -9999.0 -9999.0 -9999.0 -9999.0 -9999.0 -9999.0 -9999.0 -9999.0 -9999.0 9.59843 9.48146 -9999.0 9.28185 9.20409 9.14459 9.10564 9.08836 9.0921 9.11459 9.15276 9.20341 9.26362 9.33085 9.40292 9.47798 9.55445 9.631 9.70649 9.77995 9.85054 9.91757 9.98045 -9999.0 -9999.0
-9999.0 -9999.0 -9999.0 -9999.0 -9999.0 -9999.0 -9999.0 -9999.0 -9999.0 -9999.0 -9999.0 -9999.0 -9999.0 -9999.0 -9999.0 -9999.0 -9999.0 -9999.0 -9999.0 -9999.0 -9999.0 -9999.0 -9999.0 -9999.0 -9999.0 -9999.0 -9999.0 -9999.0 -9999.0 -9999.0 -9999.0 -9999.0 -9999.0 -9999.0 10.8669 -9999.0 -9999.0 -9999.0 -9999.0 -9999.0 -9999.0 -9999.0 -9999.0 -9999.0 -9999.0 -9999.0 -9999.0 -9999.0 -9999.0 -9999.0 -9999.0 -9999.0 9.51135 9.54155 9.58016 9.62548 9.67585 9.72974 9.78573 9.84254 9.89905 9.95426 10.0073 10.0574 10.1039 10.1462 10.1838
-9999.0 -9999.0 -9999.0 -9999.0 -9999.0 -9999.0 -9999.0 -9999.0 -9999.0 -9999.0 -9999.0 -9999.0 -9999.0 -9999.0 -9999.0 -9999.0 -9999.0 -9999.0 -9999.0 -9999.0 -9999.0 -9999.0 -9999.0 -9999.0 -9999.0 -9999.0 -9999.0 -9999.0 -9999.0 -9999.0 -9999.0 -9999.0 -9999.0 -9999.0 -9999.0 -9999.0 -9999.0 -9999.0 -9999.0 -9999.0 -9999.0 -9999.0 -9999.0 -9999.0 -9999.0 -9999.0 -9999.0 -9999.0 -9999.0 -9999.0 -9999.0 -9999.0 -9999.0 -9999.0 -9999.0 -9999.0 10.0449 10.0776 -9999.0 10.1477 10.1832 10.2179 10.251 10.2817 10.3095 10.3338 10.3542
-9999.0 -9999.0 -9999.0 -9999.0 -9999.0 -9999.0 -9999.0 -9999.0 -9999.0 -9999.0 -9999.0 -9999.0 -9999.0 -9999.0 -9999.0 -9999.0 -9999.0 -9999.0 -9999.0 -9999.0 -9999.0 -9999.0 -9999.0 -9999.0 -9999.0 -9999.0 -9999.0 -9999.0 -9999.0 -9999.0 -9999.0 -9999.0 -9999.0 -9999.0 -9999.0 -9999.0 -9999.0 -9999.0 10.9624 10.8858 10.8137 10.7464 10.6843 10.6278 10.5773 10.5329 10.4949 10.4633 10.4382 10.4193 10.4065 10.3993 10.3974 10.4001 -9999.0 -9999.0 -9999.0 -9999.0 -9999.0 -9999.0 10.4933 10.5089 10.5231 10.5354 10.5453 -9999.0 -9999.0
-9999.0 -9999.0 -9999.0 -9999.0 -9999.0 -9999.0 -9999.0 -9999.0 -9999.0 -9999.0 -9999.0 -9999.0 -9999.0 -9999.0 -9999.0 -9999.0 -9999.0 -9999.0 -9999.0 -9999.0 -9999.0 -9999.0 -9999.0 -9999.0 -9999.0 -9999.0 -9999.0 -9999.0 -9999.0 -9999.0 -9999.0 -9999.0 -9999.0 -9999.0 -9999.0 -9999.0 -9999.0 -9999.0 -9999.0 11.1992 11.1453 11.0951 11.0486 11.0059 10.9673 10.9326 10.9021 10.8755 10.8529 10.8341 10.8189 10.8069 10.7979 10.7916 10.7874 10.7851 10.784 -9999.0 -9999.0 -9999.0 -9999.0 -9999.0 -9999.0 -9999.0 -9999.0 -9999.0 -9999.0
-9999.0 -9999.0 -9999.0 -9999.0 -9999.0 -9999.0 -9999.0 -9999.0 -9999.0 -9999.0 -9999.0 -9999.0 -9999.0 -9999.0 -9999.0 -9999.0 -9999.0 -9999.0 -9999.0 -9999.0 -9999.0 -9999.0 -9999.0 -9999.0 -9999.0 -9999.0 -9999.0 -9999.0 -9999.0 -9999.0 -9999.0 -9999.0 -9999.0 -9999.0 -9999.0 -9999.0 -9999.0 -9999.0 11.5002 11.4604 11.4229 11.3877 11.3548 11.3241 11.2956 11.2694 11.2451 11.2229 11.2026 11.1839 11.1668 11.151 11.1363 11.1225 11.1093 11.0964 11.0836 11.0706 11.0571 11.0429 -9999.0 -9999.0 -9999.0 -9999.0 -9999.0 -9999.0 -9999.0
-9999.0 -9999.0 -9999.0 -9999.0 -9999.0 -9999.0 -9999.0 -9999.0 -9999.0 -9999.0 -9999.0 -9999.0 -9999.0 -9999.0 -9999.0 -9999.0 -9999.0 -9999.0 -9999.0 -9999.0 -9999.0 -9999.0 -9999.0 -9999.0 -9999.0 -9999.0 -9999.0 -9999.0 -9999.0 -9999.0 -9999.0 -9999.0 -9999.0 -9999.0 -9999.0 -9999.0 -9999.0 -9999.0 11.6819 11.6585 11.6363 11.615 11.5946 11.5748 11.5557 11.5369 11.5185 11.5003 11.482 11.4636 11.445 11.4259 11.4063 11.3859 11.3646 11.3422 11.3187 11.294 11.2678 11.2401 11.2109 11.1802 11.1478 11.1139 11.0784 11.0415 11.0033
-9999.0 -9999.0 -9999.0 -9999.0 -9999.0 -9999.0 -9999.0 -9999.0 -9999.0 -9999.0 -9999.0 -9999.0 -9999.0 -9999.0 -9999.0 -9999.0 -9999.0 -9999.0 -9999.0 -9999.0 -9999.0 -9999.0 -9999.0 -9999.0 -9999.0 -9999.0 -9999.0 -9999.0 -9999.0 -9999.0 -9999.0 -9999.0 -9999.0 -9999.0 -9999.0 -9999.0 11.8143 11.8065 11.7991 11.7918 11.7844 11.7767 11.7683 11.7591 11.7489 11.7375 11.7246 11.7102 11.6941 11.6761 11.6561 11.6341 11.6098 11.5832 11.5543 11.523 11.4892 11.4529 11.4142 11.3732 11.3299 11.2845 11.237 11.1879 11.1372 11.0853 11.0324
-9999.0 -9999.0 -9999.0 -9999.0 -9999.0 -9999.0 -9999.0 -9999.0 -9999.0 -9999.0 -9999.0 -9999.0 -9999.0 -9999.0 -9999.0 -9999.0 -9999.0 -9999.0 -9999.0 -9999.0 -9999.0 -9999.0 -9999.0 -9999.0 -9999.0 -9999.0 -9999.0 -9999.0 -9999.0 -9999.0 -9999.0 -9999.0 -9999.0 -9999.0 -9999.0 -9999.0 11.8345 11.8454 11.8557 11.8648 11.8725 11.8784 11.8821 11.8835 11.8822 11.8781 11.8709 11.8604 -9999.0 11.8291 11.808 11.7832 11.7545 11.722 11.6856 11.6453 11.6012 11.5534 11.5019 11.447 11.3889 11.3278 11.2642 11.1982 11.1305 11.0616 10.9919
-9999.0 -9999.0 -9999.0 -9999.0 -9999.0 -9999.0 -9999.0 -9999.0 -9999.0 -9999.0 -9999.0 -9999.0 -9999.0 -9999.0 -9999.0 -9999.0 -9999.0 -9999.0 -9999.0 -9999.0 -9999.0 -9999.0 -9999.0 -9999.0 -9999.0 -9999.0 -9999.0 -9999.0 -9999.0 -9999.0 -9999.0 -9999.0 -9999.0 -9999.0 -9999.0 -9999.0 -9999.0 -9999.0 -9999.0 -9999.0 11.91 11.9298 11.946 11.9581 11.966 11.9693 11.9679 -9999.0 -9999.0 -9999.0 -9999.0 11.8841 11.8513 11.813 11.7694 11.7204 11.666 11.6065 11.542 11.4728 11.3991 11.3214 11.24 11.1555 11.0686 10.9799 10.8904
-9999.0 -9999.0 -9999.0 -9999.0 -9999.0 -9999.0 -9999.0 -9999.0 -9999.0 -9999.0 -9999.0 -9999.0 -9999.0 -9999.0 -9999.0 -9999.0 -9999.0 -9999.0 -9999.0 -9999.0 -9999.0 -9999.0 -9999.0 -9999.0 -9999.0 -9999.0 -9999.0 -9999.0 -9999.0 -9999.0 -9999.0 11.4453 -9999.0 -9999.0 -9999.0 -9999.0 -9999.0 -9999.0 -9999.0 -9999.0 -9999.0 -9999.0 -9999.0 -9999.0 -9999.0 -9999.0 -9999.0 -9999.0 -9999.0 -9999.0 -9999.0 11.9492 11.9128 11.8694 11.8191 11.7618 11.6977 11.627 11.5498 11.4664 11.377 11.2822 11.1824 11.0782 10.9703 10.8598 10.7475
13.1435 13.004 -9999.0 -9999.0 -9999.0 -9999.0 -9999.0 -9999.0 -9999.0 -9999.0 -9999.0 -9999.0 -9999.0 -9999.0 -9999.0 -9999.0 -9999.0 -9999.0 -9999.0 -9999.0 -9999.0 -9999.0 -9999.0 -9999.0 -9999.0 -9999.0 10.8324 10.8981 10.9714 -9999.0 -9999.0 11.2188 11.3048 11.3901 -9999.0 -9999.0 -9999.0 -9999.0 -9999.0 -9999.0 -9999.0 -9999.0 -9999.0 -9999.0 -9999.0 -9999.0 -9999.0 -9999.0 -9999.0 -9999.0 -9999.0 -9999.0 -9999.0 11.904 11.8481 11.7838 11.7114 11.6309 11.5424 11.4462 11.3427 11.232 11.1148 10.9916 10.8631 10.7303 10.5942
12.8472 12.702 12.5532 12.4008 12.2452 12.0865 11.9251 11.7618 11.5972 11.4324 -9999.0 -9999.0 -9999.0 -9999.0 -9999.0 -9999.0 10.4152 -9999.0 -9999.0 10.1865 10.1559 10.1497 10.1671 10.2067 10.266 10.3421 10.432 10.5326 10.641 10.7545 10.8708 10.9878 11.1037 11.217 11.3264 11.4309 -9999.0 11.6216 11.7064 11.7835 -9999.0 11.9132 11.9651 12.0082 12.0422 12.0669 12.0825 -9999.0 -9999.0 -9999.0 -9999.0 -9999.0 -9999.0 11.9277 11.8679 11.7987 11.7202 11.6325 11.5357 11.4301 11.3157 11.1929 11.0622 10.9239 10.7786 10.6273 10.4708
12.5548 12.4074 12.2554 12.0986 11.937 11.7709 11.6003 11.4259 11.2483 11.0683 10.8871 10.7064 -9999.0 -9999.0 -9999.0 -9999.0 9.8969 9.77942 9.68766 9.62629 9.59861 9.60572 9.64615 9.71626 9.81117 9.92569 10.0548 10.1941 10.3398 10.4886 10.6379 10.7854 10.9293 11.0682 11.2008 11.3263 11.4438 11.5527 11.6526 11.7431 11.8238 11.8946 11.9554 12.0059 12.0462 12.0763 12.096 12.1054 12.1046 12.0935 12.0722 12.0407 11.9992 -9999.0 -9999.0 11.8143 11.7329 11.6417 11.5409 11.4306 11.3109 11.1821 11.0446 10.8987 10.745 10.5841 10.417
12.2717 12.1271 11.9771 11.8214 11.6597 11.4921 11.3186 11.1396 10.9555 10.7669 10.575 10.381 10.1868 9.99471 9.80769 9.62963 9.46552 9.32177 9.20663 9.13016 9.10231 9.12723 9.19954 9.30889 9.44522 9.60035 9.76784 9.94262 10.1207 10.2988 10.4746 10.6459 10.8111 10.969 11.1186 11.2592 11.3899 11.5106 11.6207 11.72 11.8084 11.8858 11.9521 12.0073 12.0515 12.0846 12.1069 12.1183 12.1189 12.109 12.0885 12.0577 12.0165 11.9653 11.904 11.8328 11.7518 11.6612 11.5612 11.4518 -9999.0 11.2061 11.0704 10.9267 10.7755 10.6176 10.4539
11.999 11.8633 11.7217 11.5739 11.4194 11.2583 11.0905 10.9163 10.7359 10.5501 10.3599 10.1664 9.97139 9.77706 9.58624 9.40256 9.23067 9.07659 8.94829 8.85708 8.8238 8.87341 8.97664 9.11468 9.27655 9.45435 9.64201 9.8348 10.029 10.2215 10.4101 10.5928 10.7682 10.9351 11.0926 11.2399 11.3766 11.5022 11.6164 11.7192 11.8103 11.8899 11.9577 12.0141 12.059 12.0927 12.1152 12.1267 12.1275 12.1177 12.0976 12.0674 12.0273 11.9775 11.9182 11.8497 11.7722 11.6859 11.5911 11.488 11.377 -9999.0 -9999.0 -9999.0 10.8625 10.7194 10.5725
11.7337 11.613 11.4863 11.3532 11.2133 11.0665 10.9131 10.7531 10.5873 10.4164 10.2415 10.0644 9.88686 9.7116 9.54186 9.38176 9.23652 9.11264 9.01813 8.96207 8.95255 8.99258 9.0778 9.19938 9.34796 9.51542 9.69517 9.88193 10.0715 10.2606 10.4464 10.627 10.8005 10.9657 11.1216 11.2673 11.4023 11.526 11.6383 11.7389 11.8277 11.9048 11.9701 12.0238 12.0661 12.0972 12.1173 12.1267 12.1257 12.1146 12.0938 12.0636 12.0243 11.9762 11.9198 11.8554 11.7834 11.704 11.6177 11.5249 11.4261 11.3216 11.2122 11.0983 10.9809 10.861 10.7395
11.4703 11.3697 11.2631 11.1501 11.0303 10.9037 10.7707 10.6316 10.4875 10.3394 10.1888 10.0378 9.8886 9.74423 9.6081 9.48423 9.37717 9.29185 9.23326 9.20575 9.21228 9.25358 9.32791 9.43145 9.55916 9.70562 9.8656 10.0344 10.2079 10.3827 10.5559 10.7251 10.8885 11.0445 11.1918 11.3295 11.4568 11.5733 11.6785 11.7722 11.8543 11.9247 11.9836 12.031 12.0673 12.0926 12.1074 12.112 12.1068 12.0922 12.0689 12.0372 11.9976 11.9507 11.897 11.837 11.7711 11.7 11.6241 11.5439 11.46 11.3729 11.2833 11.1918 11.0992 11.0064 10.9145
11.2029 11.1263 11.0432 10.9532 10.8562 10.7522 10.6417 10.5256 10.4048 10.281 10.1561 10.0322 9.912 9.79842 9.69468 9.60421 9.53051 9.47692 9.44638 9.44112 9.46235 9.51008 9.58305 9.6789 9.79447 9.92609 10.0699 10.2223 10.3797 10.5391 10.6977 10.8531 11.0034 11.1471 11.2826 11.409 11.5255 11.6313 11.7261 11.8096 11.8816 11.9421 11.9912 12.0291 12.0561 12.0725 12.0788 12.0755 12.0632 12.0425 12.0141 11.9786 11.9367 11.8892 11.8368 11.7802 11.7201 11.6572 11.592 11.5253 11.4575 11.3892 11.3211 11.2537 11.1877 11.1236 11.0624
10.9302 10.8794 10.821 10.7545 10.6798 10.5972 10.5073 10.4112 10.3105 10.2069 10.1027 10.0005 9.90309 9.81351 9.73484 9.67012 9.62215 9.59335 9.58555 9.59988 9.63664 9.6953 9.7745 9.87219 9.9858 10.1124 10.249 10.3924 10.5398 10.6884 10.8358 10.9799 11.1187 11.2507 11.3746 11.4894 11.594 11.688 11.7708 11.8422 11.9019 11.9501 11.9869 12.0124 12.0271 12.0315 12.0261 12.0116 11.9888 11.9585 11.9216 11.8791 11.8319 11.781 11.7275 11.6723 11.6162 11.5602 11.505 11.4513 11.3997 11.3507 11.3047 11.2622 11.2234 11.1886 11.1583
10.6579 10.633 10.5982 10.553 10.4974 10.4319 10.3572 10.275 10.1869 10.0954 10.0031 9.91306 9.8287 9.75338 9.69048 9.64309 9.61382 9.60465 9.61676 9.65048 9.70531 9.78001 9.87269 9.981 10.1023 10.2338 10.3725 10.5159 10.6611 10.8059 10.9479 11.0854 11.2165 11.3399 11.4543 11.5588 11.6525 11.7349 11.8054 11.864 11.9104 11.9446 11.967 11.9779 11.9776 11.9669 11.9465 11.9172 11.88 11.8361 11.7866 11.7329 11.6763 11.6181 11.5598 11.5027 11.4479 11.3966 11.3498 11.3082 11.2723 11.2426 11.2192 11.2021 11.1913 11.1866 11.1877
10.4017 10.4005 10.386 10.3578 10.3158 10.2608 10.1938 10.1166 10.0316 9.94143 9.84959 9.7599 9.67659 9.60406 9.54657 9.50794 9.49116 9.49812 9.52946 9.58458 9.66185 9.75885 9.87268 10.0002 10.1381 10.2835 10.4332 10.5846 10.7353 10.883 11.0257 11.1617 11.2896 11.408 11.5159 11.6124 11.6969 11.7688 11.8277 11.8735 11.9061 11.9256 11.9323 11.9265 11.9089 11.8803 11.8414 11.7935 11.7378 11.6756 11.6086 11.5386 11.4673 11.3968 11.3288 11.2653 11.208 11.1584 11.1177 11.0868 11.0662 11.0561 11.0562 11.066 11.0848 11.1117 11.1458
10.1866 10.2044 10.2047 10.187 10.1517 10.0995 10.0317 9.95033 9.85789 9.75773 9.65391 9.55128 9.45541 9.37242 9.30852 9.26936 9.25924 9.28035 9.33254 9.41353 9.51962 9.64638 9.78923 9.94378 10.1061 10.2725 10.4401 10.606 10.7679 10.9238 11.072 11.211 11.3394 11.4562 11.5605 11.6516 11.7288 11.7918 11.8401 11.8738 11.8928 11.8973 11.8874 11.8639 11.8271 11.7781 11.7179 11.6477 11.569 11.4837 11.3937 11.3014 11.2092 11.1197 11.0358 10.9601 10.8951 10.8432 10.8059 10.7844 10.779 10.7896 10.8152 10.8546 10.9059 10.9673 11.037
10.0435 10.0722 10.0793 10.0646 10.0285 9.97171 9.89559 9.8021 9.69388 9.57438 9.44802 9.32036 9.19836 9.09037 9.00599 8.95503 8.9454 8.98049 9.05813 9.17208 9.31455 9.47799 9.65578 9.84239 10.0333 10.2247 10.4135 10.5972 10.7736 10.9408 11.0975 11.2422 11.3739 11.4916 11.5946 11.6823 11.7542 11.8099 11.8491 11.8719 11.8781 11.8679 11.8417 11.7999 11.7432 11.6724 11.5886 11.4932 11.388 11.2749 11.1565 11.0354 10.9151 10.7991 10.6914 10.5959 10.5167 10.4571 10.4198 10.4064 10.4171 10.4509 10.5058 10.579 10.6673 10.7674 10.8762
9.99938 10.0282 10.0329 10.0132 9.9694 9.90222 9.8129 9.70328 9.57582 9.43378 9.28142 9.12425 8.96941 8.8263 8.70743 8.62956 8.61227 8.66476 8.7759 8.92878 9.11004 9.30988 9.5209 9.73737 9.95478 10.1695 10.3786 10.5796 10.7705 10.9496 11.1156 11.2673 11.4036 11.5238 11.6272 11.7133 11.7816 11.8318 11.8636 11.877 11.872 11.8487 11.8073 11.7482 11.6721 11.5797 11.4721 11.3506 11.2169 11.0732 10.9222 10.767 10.6118 10.4612 10.3205 10.1959 10.0935 10.0191 9.97748 9.97106 9.99992 10.0616 10.1518 10.2651 10.3961 10.5394 10.6903
10.0684 10.086 10.0789 10.0468 9.98975 9.9084 9.80396 9.67819 9.53357 9.37341 9.20202 9.02503 8.84967 8.68534 8.54447 8.44457 8.41545 8.48072 8.61027 8.78179 8.9818 9.20053 9.4304 9.66538 9.90061 10.1321 10.3567 10.5717 10.775 10.9647 11.1395 11.2981 11.4395 11.5631 11.668 11.7538 11.8201 11.8666 11.8931 11.8994 11.8855 11.8514 11.7974 11.7238 11.6309 11.5195 11.3905 11.245 11.0845 10.9111 10.7273 10.5365 10.3429 10.1519 9.97018 9.80611 9.66932 9.57016 9.51787 9.5178 9.56941 9.66656 9.80003 9.9601 10.138 10.3263 10.5194
10.2469 10.2439 10.2176 10.1671 10.0926 9.99457 9.87419 9.73338 9.5749 9.40253 9.22132 9.03784 8.86062 8.70047 8.57076 8.48683 8.46271 8.50464 8.6076 8.76008 8.94963 9.16521 9.3975 9.63882 9.88288 10.1246 10.3598 10.5853 10.7984 10.997 11.1794 11.3445 11.491 11.6182 11.7255 11.8123 11.8782 11.9229 11.9463 11.9481 11.9283 11.887 11.8243 11.7403 11.6355 11.5104 11.3657 11.2022 11.0215 10.825 10.6152 10.3949 10.1682 9.94009 9.71757 9.50977 9.32899 9.1917 9.11822 9.1247 9.20827 9.35048 9.53226 9.73884 9.95937 10.1859 10.4124
10.5176 10.4887 10.4384 10.3659 10.271 10.1541 10.0164 9.85979 9.68722 9.50277 9.31188 9.12161 8.94084 8.78017 8.65141 8.56632 8.53447 8.5609 8.64492 8.78068 8.95901 9.16951 9.40202 9.64749 9.89829 10.1482 10.3922 10.6265 10.8479 11.0541 11.2434 11.4142 11.5655 11.6965 11.8066 11.8952 11.962 12.0068 12.0293 12.0295 12.0072 11.9627 11.896 11.8072 11.6968 11.5653 11.4132 11.2414 11.0513 10.8443 10.6225 10.3888 10.1469 9.90143 9.659 9.42813 9.22042 9.05204 8.94825 8.96313 9.08012 9.25352 9.46192 9.69107 9.93074 10.1734 10.4136
