setup_data/66100_caitjcampbell_Annual_NoAm_Map_H_1980_2010/66100_caitjcampbell_Annual_NoAm_Map_H_1980_2010/stdreg.asc
ncols 260
nrows 141
xllcorner -177.1999969482422
yllcorner 6.0
cellsize 0.5
NODATA_value -9999
[rows 30 to 59 of 141, columns 134 to 200 of 260]
17.686 17.6862 17.6884 17.6895 17.6909 17.6931 17.6946 17.6963 17.6989 17.6997 17.7017 17.7042 17.7064 17.7088 17.7121 17.7147 17.7164 17.7192 17.7222 17.7252 17.7292 17.7322 17.7369 17.7402 17.7432 17.7471 17.7525 17.7556 17.76 17.7642 17.7688 17.7738 17.7783 17.7838 -9999.0 -9999.0 -9999.0 -9999.0 -9999.0 -9999.0 -9999.0 -9999.0 -9999.0 -9999.0 -9999.0 -9999.0 -9999.0 -9999.0 -9999.0 -9999.0 -9999.0 -9999.0 -9999.0 -9999.0 -9999.0 -9999.0 -9999.0 -9999.0 -9999.0 -9999.0 -9999.0 -9999.0 -9999.0 -9999.0 -9999.0 17.9889 18.0073
17.6725 17.6729 17.6738 17.6762 17.6776 17.6798 17.6815 17.6831 17.6893 17.6875 17.6895 17.6901 17.6925 17.6948 17.6972 17.6998 17.7016 17.7042 17.707 17.7104 17.7136 17.717 17.7212 17.7251 17.7275 17.7313 17.7353 17.7396 17.7442 17.7485 17.753 17.7579 17.763 -9999.0 -9999.0 -9999.0 -9999.0 -9999.0 -9999.0 -9999.0 -9999.0 -9999.0 -9999.0 -9999.0 -9999.0 -9999.0 -9999.0 -9999.0 -9999.0 -9999.0 -9999.0 -9999.0 -9999.0 -9999.0 -9999.0 -9999.0 -9999.0 -9999.0 -9999.0 -9999.0 -9999.0 -9999.0 -9999.0 17.9482 17.9552 17.9624 17.9728
17.6603 17.6605 17.6617 17.6629 17.6648 17.6668 17.6689 17.67 17.6718 17.6736 17.6757 17.6771 17.6812 17.6839 17.6835 17.6854 17.6873 17.6916 17.6935 17.6956 17.6987 17.7018 17.7056 17.7098 17.7128 17.7163 17.7201 17.7241 17.7284 17.733 17.7382 17.7428 -9999.0 -9999.0 -9999.0 -9999.0 -9999.0 -9999.0 -9999.0 -9999.0 -9999.0 -9999.0 -9999.0 -9999.0 -9999.0 -9999.0 -9999.0 -9999.0 -9999.0 -9999.0 -9999.0 -9999.0 -9999.0 -9999.0 -9999.0 -9999.0 -9999.0 -9999.0 -9999.0 -9999.0 -9999.0 -9999.0 -9999.0 -9999.0 -9999.0 17.9426 17.9508
17.6487 17.6488 17.6491 17.6496 17.6508 17.6526 17.6543 17.6554 17.6579 17.6606 17.6615 17.6644 17.6666 17.6704 17.6724 17.6732 17.6766 17.6772 17.6796 17.682 17.6845 17.6876 17.6916 17.6957 17.6989 17.7028 17.7061 17.7098 17.7138 17.7183 17.7232 17.7285 -9999.0 -9999.0 -9999.0 -9999.0 -9999.0 -9999.0 -9999.0 -9999.0 -9999.0 -9999.0 -9999.0 -9999.0 -9999.0 -9999.0 -9999.0 -9999.0 -9999.0 -9999.0 -9999.0 -9999.0 -9999.0 -9999.0 -9999.0 -9999.0 -9999.0 -9999.0 -9999.0 -9999.0 -9999.0 -9999.0 -9999.0 -9999.0 -9999.0 17.924 17.9331
17.642 17.6419 17.6418 17.6415 17.642 17.6414 17.6418 17.6433 17.6441 17.6457 17.6482 17.6503 17.6538 17.6568 17.6592 17.6611 17.6624 17.6641 17.6671 17.6696 17.6715 17.674 17.6778 17.6809 17.6846 17.6882 17.6922 17.6956 17.6997 17.7042 17.7095 17.7144 -9999.0 -9999.0 -9999.0 -9999.0 -9999.0 -9999.0 -9999.0 -9999.0 -9999.0 -9999.0 -9999.0 -9999.0 -9999.0 -9999.0 -9999.0 -9999.0 -9999.0 -9999.0 -9999.0 -9999.0 -9999.0 -9999.0 -9999.0 -9999.0 -9999.0 -9999.0 -9999.0 -9999.0 -9999.0 -9999.0 -9999.0 -9999.0 17.8986 17.9058 17.915
17.6291 17.6281 17.6277 17.6279 17.6284 17.6293 17.6305 17.6317 17.6328 17.634 17.6365 17.6392 17.6419 17.6446 17.6471 17.648 17.6491 17.6509 17.6534 17.6561 17.6583 17.6609 17.6644 17.6675 17.6712 17.6752 17.6786 17.6821 17.686 17.6904 17.6959 17.7008 17.7044 17.7087 17.7132 -9999.0 -9999.0 -9999.0 -9999.0 -9999.0 -9999.0 -9999.0 -9999.0 -9999.0 -9999.0 -9999.0 -9999.0 -9999.0 -9999.0 -9999.0 -9999.0 -9999.0 -9999.0 -9999.0 -9999.0 -9999.0 -9999.0 -9999.0 -9999.0 -9999.0 -9999.0 -9999.0 -9999.0 17.8745 17.882 17.8894 17.8979
17.6178 17.6172 17.6166 17.6175 17.6182 17.6191 17.6215 17.6204 17.6216 17.6233 17.6258 17.6288 17.6317 17.6335 17.6342 17.6366 17.6368 17.6385 17.6415 17.6442 17.6462 17.6494 17.6519 17.655 17.6588 17.6622 17.6655 17.6692 17.6728 17.6769 17.6814 17.6861 17.6902 17.6944 17.6995 17.7039 -9999.0 -9999.0 -9999.0 -9999.0 -9999.0 -9999.0 -9999.0 -9999.0 -9999.0 -9999.0 -9999.0 -9999.0 -9999.0 -9999.0 -9999.0 -9999.0 -9999.0 -9999.0 -9999.0 -9999.0 -9999.0 -9999.0 -9999.0 -9999.0 -9999.0 -9999.0 -9999.0 -9999.0 17.8641 17.8717 17.8783
17.6074 17.6085 17.6077 17.6081 17.6087 17.6102 17.6099 17.6105 17.612 17.6162 17.6174 17.6179 17.6195 17.6224 17.6234 17.6235 17.6251 17.6263 17.629 17.6312 17.6339 17.6368 17.6396 17.6423 17.6457 17.6494 17.653 17.6565 17.6601 17.6642 17.6677 17.6725 17.6769 17.6813 17.686 17.6908 -9999.0 -9999.0 -9999.0 -9999.0 -9999.0 -9999.0 -9999.0 -9999.0 -9999.0 -9999.0 -9999.0 -9999.0 -9999.0 -9999.0 -9999.0 -9999.0 -9999.0 -9999.0 -9999.0 -9999.0 -9999.0 -9999.0 -9999.0 -9999.0 -9999.0 -9999.0 -9999.0 -9999.0 -9999.0 -9999.0 17.861
17.5988 17.5982 17.5978 17.5976 17.5979 17.5986 17.5994 17.6004 17.6022 17.6035 17.6055 17.6063 17.6079 17.6097 17.6114 17.6122 17.6139 17.6154 17.6174 17.6198 17.6225 17.6248 17.6275 17.6307 17.6339 17.6373 17.6408 17.6444 17.6479 17.6515 17.6552 17.6589 17.664 17.6683 17.6728 17.6782 17.6825 17.6866 17.6905 17.695 17.6996 -9999.0 -9999.0 -9999.0 -9999.0 -9999.0 -9999.0 -9999.0 -9999.0 -9999.0 -9999.0 -9999.0 -9999.0 -9999.0 -9999.0 -9999.0 -9999.0 -9999.0 -9999.0 -9999.0 -9999.0 -9999.0 -9999.0 -9999.0 -9999.0 -9999.0 -9999.0
17.5902 17.5889 17.5882 17.5884 17.5881 17.5885 17.5896 17.5915 17.5922 17.5931 17.5942 17.5952 17.5971 17.5987 17.6002 17.6019 17.6034 17.6052 17.607 17.6091 17.6114 17.6134 17.6165 17.6193 17.6226 17.6259 17.6292 17.6327 17.6362 17.6399 17.6432 17.6477 17.6519 17.6562 17.6606 17.6648 17.6686 17.6721 17.6763 17.681 17.6857 17.6905 17.6955 17.7006 17.7055 -9999.0 -9999.0 -9999.0 -9999.0 -9999.0 -9999.0 -9999.0 -9999.0 -9999.0 -9999.0 -9999.0 -9999.0 -9999.0 -9999.0 -9999.0 -9999.0 17.7984 17.8046 -9999.0 -9999.0 -9999.0 -9999.0
17.5812 17.5805 17.58 17.5795 17.5794 17.5795 17.58 17.5807 17.5821 17.5832 17.5839 17.5849 17.5864 17.5883 17.5898 17.5916 17.5931 17.5948 17.5972 17.5998 17.6009 17.6033 17.6056 17.6087 17.6116 17.6155 17.6185 17.6221 17.6254 17.6286 17.6323 17.6357 17.6403 17.6444 17.6484 17.6521 17.6549 17.6592 17.6633 17.6675 17.6723 17.6769 17.6817 17.6872 17.6924 17.6975 -9999.0 -9999.0 -9999.0 -9999.0 -9999.0 -9999.0 -9999.0 -9999.0 -9999.0 -9999.0 -9999.0 -9999.0 -9999.0 -9999.0 -9999.0 17.7839 17.79 17.7963 -9999.0 -9999.0 -9999.0
17.5731 17.5721 17.572 17.5717 17.5711 17.5709 17.5719 17.5721 17.5734 17.5739 17.575 17.5756 17.5769 17.5785 17.5802 17.5816 17.5844 17.5855 17.5873 17.5893 17.5909 17.5929 17.596 17.5983 17.6023 17.6057 17.6081 17.6108 17.614 17.6171 17.6207 17.6246 17.6289 17.6319 17.6357 17.6395 17.6443 17.6479 17.6518 17.6559 17.6602 17.6648 17.6692 17.6746 17.6795 17.6845 17.6894 17.6944 17.6997 17.7046 -9999.0 -9999.0 -9999.0 -9999.0 -9999.0 -9999.0 -9999.0 -9999.0 -9999.0 -9999.0 -9999.0 17.7701 17.7762 -9999.0 -9999.0 -9999.0 17.8045
17.5663 17.5648 17.5638 17.5637 17.5635 17.5632 17.563 17.5643 17.5651 17.5659 17.5669 17.5675 17.5679 17.569 17.5713 17.572 17.5738 17.5755 17.5772 17.579 17.581 17.5833 17.5861 17.5891 17.5922 17.595 17.5972 17.6004 17.6033 17.6063 17.6099 17.6134 17.6173 17.6212 17.6249 17.6287 17.6331 17.6371 17.6409 17.645 17.6492 17.6533 17.6581 17.6629 17.6668 17.6712 17.676 17.6809 17.6864 17.6918 17.6973 17.7023 17.7073 17.7127 17.7178 17.7232 17.7286 -9999.0 -9999.0 -9999.0 -9999.0 -9999.0 -9999.0 -9999.0 17.7749 17.7828 17.7902
17.5579 17.5572 17.558 17.5561 17.5558 17.5558 17.5554 17.5556 17.5561 17.5568 17.5577 17.5609 17.5598 17.5616 17.5627 17.5635 17.5648 17.5664 17.5684 17.5705 17.5725 17.5751 17.5777 17.581 17.583 17.5854 17.5879 17.5905 17.5938 17.5969 17.6 17.6034 17.607 17.6103 17.614 17.6173 17.6216 17.6256 17.6298 17.6339 17.6381 17.6421 17.6465 17.6508 17.6554 17.66 17.6645 17.6694 17.6743 17.6792 17.6835 17.6888 17.6943 17.6996 17.7052 17.7107 17.7163 -9999.0 -9999.0 -9999.0 -9999.0 17.7437 17.7491 17.7552 17.7617 17.7698 17.778
17.5516 17.5507 17.55 17.5503 17.5494 17.5489 17.5481 17.5485 17.5485 17.5488 17.55 17.5518 17.5517 17.553 17.556 17.5574 17.5587 17.56 17.5617 17.5633 17.5646 17.5667 17.5696 17.5718 17.574 17.5758 17.5788 17.5812 17.584 17.5872 17.5904 17.5933 17.5962 17.5997 17.6034 17.6073 17.6107 17.6147 17.6187 17.6228 17.6269 17.6313 17.6356 17.64 17.6443 17.6491 17.6533 17.6576 17.6625 17.6673 17.672 17.6769 17.682 17.6875 17.6934 17.6993 17.7045 -9999.0 -9999.0 -9999.0 -9999.0 -9999.0 17.7366 17.7423 17.7495 17.7561 17.7636
17.5455 17.5444 17.5436 17.5431 17.5422 17.5418 17.5419 17.542 17.5416 17.5418 17.5421 17.5432 17.5447 17.5477 17.5498 17.5511 17.552 17.5534 17.5547 17.5559 17.5569 17.5581 17.5624 17.564 17.5657 17.5678 17.5698 17.5717 17.5742 17.5773 17.5808 17.5838 17.5869 17.5899 17.5934 17.5971 17.601 17.6049 17.6089 17.6129 17.6169 17.6205 17.6247 17.6291 17.6334 17.6379 17.6425 17.647 17.6516 17.6565 17.6614 17.6662 17.6711 17.6763 17.6817 17.6877 17.6934 -9999.0 -9999.0 -9999.0 -9999.0 -9999.0 17.725 17.7301 17.7364 17.7431 17.7493
17.54 17.5388 17.5386 17.5376 17.5371 17.5375 17.5358 17.5361 17.5365 17.5368 17.5375 17.5375 17.5393 17.5403 17.5395 17.5414 17.5433 17.5459 17.547 17.5485 17.5502 17.5519 17.5552 17.5565 17.5584 17.5602 17.5616 17.5633 17.5655 17.5679 17.5708 17.5741 17.5773 17.5805 17.5839 17.5878 17.5916 17.5954 17.5992 17.6033 17.6071 17.6108 17.6149 17.6189 17.623 17.6272 17.6317 17.6363 17.641 17.6459 17.6506 17.6553 17.6604 17.6658 17.6712 17.677 17.6827 17.6874 17.6927 -9999.0 -9999.0 17.7081 17.7135 17.7179 17.724 17.7309 17.737
17.5352 17.5339 17.5329 17.5331 17.532 17.5309 17.5309 17.5315 17.5312 17.53 17.5297 17.5304 17.5309 17.5312 17.5325 17.5343 17.5345 17.5434 17.5399 17.542 17.5437 17.5444 17.5472 17.5503 17.5513 17.5531 17.5541 17.556 17.5577 17.5596 17.5622 17.5653 17.5683 17.5717 17.5753 17.5787 17.5825 17.5869 17.5905 17.5944 17.598 17.6018 17.6055 17.6095 17.6134 17.6175 17.6217 17.6261 17.6308 17.6352 17.6401 17.6448 17.6502 17.6556 17.6612 17.6667 17.6722 17.6768 17.6818 17.6868 -9999.0 -9999.0 -9999.0 17.7069 17.7122 17.7183 17.7259
17.5311 17.5297 17.5291 17.528 17.5271 17.5275 17.5278 17.5276 17.5255 17.5252 17.5248 17.525 17.5248 17.5251 17.5256 17.5263 17.5276 17.5292 17.5336 17.5346 17.5374 17.5387 17.5404 17.5437 17.5457 17.5464 17.548 17.5487 17.55 17.5517 17.5543 17.5571 17.56 17.5633 17.567 17.5704 17.5744 17.5787 17.5823 17.5863 17.5897 17.5932 17.5965 17.6 17.6039 17.6078 17.612 17.6165 17.6207 17.6252 17.6298 17.6348 17.6402 17.6456 17.6507 17.6557 17.6615 17.6673 17.6716 -9999.0 -9999.0 -9999.0 -9999.0 17.6969 17.7012 17.7074 17.7138
17.5287 17.5275 17.5259 17.5249 17.5241 17.5238 17.5241 17.522 17.5211 17.5216 17.5212 17.5207 17.5197 17.5195 17.5201 17.5208 17.5218 17.5235 17.5264 17.5268 17.5311 17.5338 17.5357 17.5384 17.538 17.54 17.5414 17.5423 17.5431 17.5446 17.5465 17.5491 17.5521 17.5552 17.5584 17.5628 17.5664 17.5699 17.5736 17.5772 17.5813 17.5851 17.588 17.5912 17.5948 17.5987 17.6027 17.6072 17.6119 17.6163 17.6207 17.6256 17.6311 17.636 17.6408 17.6457 17.6506 17.6556 17.6612 17.6667 -9999.0 17.6765 17.6816 17.6852 17.6905 17.6963 17.7027
17.5266 17.5252 17.523 17.5226 17.5208 17.5191 17.5188 17.5183 17.517 17.518 17.5179 17.5157 17.5154 17.515 17.5147 17.5157 17.5158 17.5167 17.5175 17.5202 17.5256 17.527 17.53 17.5312 17.5313 17.534 17.5359 17.5364 17.5374 17.5379 17.5395 17.5418 17.5445 17.5475 17.5509 17.5547 17.5581 17.5613 17.5654 17.569 17.5727 17.5762 17.5792 17.5824 17.5861 17.5899 17.5939 17.5983 17.6029 17.6072 17.6122 17.6172 17.6221 17.6266 17.6305 17.6352 17.6405 17.6461 17.6515 17.6566 17.6619 17.6666 17.6712 17.6752 17.6802 17.6866 17.6924
17.5248 17.5221 17.5198 17.5196 17.517 17.5162 17.5149 17.5141 17.513 17.513 17.5138 17.5118 17.5111 17.5105 17.5106 17.5114 17.5113 17.5128 17.5122 17.5137 17.5166 17.5202 17.5235 17.526 17.5272 17.5281 17.5317 17.5321 17.5322 17.5323 17.5331 17.5352 17.5375 17.5403 17.5435 17.5469 17.5501 17.5536 17.5573 17.5608 17.5644 17.5673 17.5707 17.5741 17.5778 17.5815 17.5853 17.5895 17.5942 17.5989 17.6034 17.6089 17.613 17.6162 17.6205 17.6262 17.6317 17.637 17.6417 17.6451 17.65 17.6559 17.6599 17.6649 17.6712 17.677 17.6837
17.5215 17.5193 17.5165 17.5143 17.5149 17.5131 17.5111 17.5102 17.5093 17.5098 17.5093 17.5089 17.5074 17.5065 17.5068 17.507 17.5068 17.5081 17.5089 17.5093 17.5106 17.5147 17.5195 17.5216 17.5226 17.5238 17.5266 17.5277 17.5264 17.5274 17.5281 17.5296 17.5313 17.5333 17.5363 17.5394 17.5426 17.5459 17.5496 17.553 17.5567 17.5595 17.5626 17.5664 17.5699 17.5736 17.5773 17.5813 17.5854 17.5905 17.5951 17.6002 17.6038 17.6074 17.613 17.618 17.6222 17.6266 17.6306 17.6357 17.641 17.6462 17.6508 17.6572 17.6622 17.6675 17.6746
17.529 17.5228 17.5261 17.5123 17.5108 17.5108 17.509 17.5074 17.5066 17.5063 17.5063 17.5042 17.5038 17.5036 17.5034 17.505 17.5038 17.5036 17.5061 17.507 17.5082 17.5108 17.5134 17.5137 17.5177 17.5203 17.5219 17.5203 17.5205 17.5207 17.5212 17.524 17.5246 17.5269 17.5296 17.5325 17.5353 17.5386 17.5425 17.5457 17.5496 17.5522 17.5556 17.5593 17.5623 17.5661 17.5697 17.5735 17.5776 17.582 17.5858 17.5901 17.5944 17.5989 17.6037 17.6083 17.6129 17.6179 17.6223 17.6279 17.6333 17.6372 17.6426 17.6486 17.6539 17.6585 17.6657
17.5188 17.5179 17.5151 17.5129 17.5111 17.5104 17.5107 17.5106 17.5053 17.5049 17.5028 17.5018 17.5002 17.5015 17.5011 17.5008 17.5013 17.5012 17.5031 17.5019 17.5008 17.5023 17.5032 17.5039 17.5124 17.5154 17.5168 17.5152 17.5134 17.5145 17.5166 17.5184 17.5197 17.5212 17.5234 17.526 17.5289 17.5323 17.5355 17.5399 17.5425 17.5458 17.5481 17.5517 17.5573 17.5601 17.5646 17.5666 17.5703 17.5746 17.5789 17.5824 17.5867 17.5913 17.5963 17.6006 17.6047 17.6093 17.6141 17.62 17.6243 17.6297 17.6379 17.6405 17.6462 17.6504 17.6555
17.5166 17.5165 17.5137 17.5126 17.5102 17.5088 17.5074 17.5074 17.5045 17.5021 17.5013 17.5014 17.5003 17.5 17.4994 17.4983 17.4978 17.499 17.4996 17.4996 17.4966 17.4965 17.499 17.5012 17.5041 17.5122 17.5131 17.5114 17.511 17.5113 17.5109 17.5129 17.5141 17.5161 17.5182 17.5209 17.5229 17.5261 17.529 17.5327 17.5358 17.5385 17.5423 17.548 17.5512 17.5619 17.5612 17.5653 17.5637 17.5675 17.5736 17.5755 17.5814 17.5849 17.5891 17.5945 17.597 17.6014 17.606 17.6101 17.6149 17.6203 17.6262 17.6323 17.6372 17.6428 17.648
17.5158 17.5412 17.5137 17.5095 17.5092 17.5082 17.508 17.5082 17.5049 17.5024 17.5021 17.4999 17.4991 17.4987 17.4978 17.496 17.495 17.4953 17.497 17.4973 17.496 17.4956 17.498 17.4996 17.5009 17.5099 17.5114 17.5077 17.5063 17.5058 17.5063 17.5074 17.5088 17.511 17.5124 17.5148 17.5173 17.5201 17.5228 17.5263 17.5286 17.5338 17.5532 17.5495 17.5594 17.5623 17.5679 17.5634 17.5563 17.5629 17.5677 17.5718 17.5761 17.581 17.5832 17.5861 17.5901 17.5945 17.5981 17.6029 17.6082 17.6131 17.6176 17.6234 17.6272 17.634 17.6414
17.5144 17.511 17.5088 17.5081 17.5077 17.5073 17.5065 17.5061 17.5038 17.5012 17.4995 17.4987 17.4979 17.497 17.4954 17.4951 17.4939 17.4928 17.4927 17.4931 17.4939 17.4941 17.4953 17.497 17.4973 17.5031 17.5071 17.5053 17.5009 17.5 17.5003 17.5014 17.5034 17.5052 17.5075 17.5093 17.5116 17.5148 17.5179 17.5256 17.5391 17.5417 17.5468 17.549 17.5576 17.5512 17.5644 17.5601 17.5541 17.5637 17.5573 17.5706 17.577 17.5779 17.5782 17.5794 17.5831 17.587 17.5914 17.5953 17.5998 17.6044 17.6098 17.6157 17.6209 17.6261 17.6332
17.5187 17.5184 17.5165 17.5079 17.5068 17.509 17.5051 17.5038 17.5022 17.5018 17.4963 17.4975 17.4963 17.4949 17.4934 17.4925 17.4931 17.4915 17.4941 17.4912 17.49 17.4897 17.4928 17.4943 17.4971 17.4987 17.5036 17.5019 17.4963 17.4935 17.4953 17.4979 17.5001 17.5013 17.5031 17.5049 17.5066 17.5105 17.5309 17.5258 17.534 17.5396 17.5328 17.5268 17.5383 17.5437 17.5607 17.5566 17.5492 17.5564 17.5632 17.5641 17.5738 17.5754 17.5713 17.5737 17.5764 17.5808 17.5859 17.5895 17.5935 17.5972 17.6027 17.6106 17.6142 17.6196 17.6239
17.5976 17.5991 17.5246 17.5096 17.5058 17.5059 17.5037 17.5027 17.5007 17.4976 17.4916 17.4915 17.4932 17.4927 17.4918 17.4897 17.4899 17.4911 17.4917 17.4922 17.4906 17.4882 17.4891 17.4919 17.4942 17.4992 17.5019 17.5001 17.4926 17.4908 17.492 17.4941 17.496 17.4981 17.499 17.5011 17.5121 17.5103 17.5087 17.5194 17.5198 17.5164 17.5191 17.5229 17.5254 17.5353 17.5459 17.5429 17.5425 17.5453 17.55 17.5525 17.5582 17.5613 17.5632 17.5668 17.5709 17.5738 17.5772 17.5816 17.5858 17.5907 17.5959 17.6013 17.6063 17.6109 17.6169
