setup_data/66100_caitjcampbell_Annual_NoAm_Map_H_1980_2010/66100_caitjcampbell_Annual_NoAm_Map_H_1980_2010/stdreg.asc
ncols 260
nrows 141
xllcorner -177.1999969482422
yllcorner 6.0
cellsize 0.5
NODATA_value -9999
[rows 30 to 59 of 141, columns 67 to 133 of 260]
18.2634 18.2456 18.2166 18.286 18.1611 18.2468 18.8137 18.3691 18.0895 18.1063 18.0094 18.0595 17.9697 17.9558 17.945 17.9329 17.9208 17.9079 17.9013 17.9451 17.9116 17.8702 17.8672 17.8726 17.8791 17.8574 17.9073 17.843 17.8255 17.8853 17.8553 17.8455 17.8429 17.8207 17.8129 17.8049 17.8018 17.7945 17.7598 17.7634 17.7497 17.7539 17.7502 17.7441 17.7333 17.7281 17.7274 17.7269 17.7244 17.719 17.7125 17.7097 17.7078 17.7044 17.7024 17.7003 17.6985 17.6965 17.6949 17.6936 17.69 17.6876 17.6871 17.686 17.6846 17.6852 17.6853
18.3377 18.2679 18.2343 18.2341 18.4239 18.3333 18.2427 18.219 18.2634 18.0931 18.0869 18.0109 17.9797 17.9645 17.9578 17.9356 17.9199 17.9057 17.8961 17.8813 17.8831 17.8641 17.8796 17.8494 17.8564 17.8683 17.8361 17.8249 17.8271 17.8122 17.8042 17.8079 17.8029 17.8084 17.8036 17.798 17.7878 17.8059 17.7774 17.7676 17.7562 17.7396 17.7283 17.7219 17.7167 17.7118 17.7067 17.7031 17.7019 17.6999 17.6957 17.6936 17.6917 17.6888 17.689 17.6899 17.6873 17.6857 17.6785 17.6783 17.6781 17.6777 17.6766 17.6764 17.6744 17.6726 17.6726
18.4393 18.4245 18.3215 18.4484 18.2662 18.2148 18.1914 18.3772 18.2749 18.1845 18.1271 18.0336 18.0195 17.9813 18.0077 17.983 18.0038 17.9106 17.895 17.882 17.878 17.864 17.8543 17.8565 17.8812 17.8404 17.8727 17.8175 17.8111 17.8007 17.7909 17.7844 17.778 17.7753 17.784 17.7857 17.7561 17.7485 17.7692 17.7477 17.7466 17.7343 17.7209 17.7148 17.707 17.7014 17.6963 17.693 17.6885 17.684 17.6821 17.6782 17.6796 17.6762 17.6774 17.6749 17.6726 17.6706 17.6682 17.6661 17.6652 17.6654 17.6653 17.6642 17.6626 17.661 17.6611
-9999.0 -9999.0 -9999.0 -9999.0 18.3596 18.343 18.453 18.4543 18.4049 18.261 18.1675 18.1422 18.116 18.0492 18.0312 18.0656 17.9811 17.9281 17.9323 17.8894 17.9192 17.9194 17.9063 17.8422 17.9122 17.8691 17.8689 17.9054 17.8104 17.797 17.7837 17.7755 17.7706 17.7634 17.7577 17.7617 17.8256 17.7439 17.7376 17.7383 17.7239 17.7163 17.7098 17.7051 17.7003 17.6947 17.6887 17.6832 17.6788 17.675 17.6717 17.67 17.6687 17.668 17.6637 17.6612 17.6578 17.6559 17.6558 17.655 17.6546 17.6543 17.6528 17.6538 17.6534 17.6506 17.6497
-9999.0 -9999.0 -9999.0 -9999.0 -9999.0 -9999.0 -9999.0 -9999.0 18.3193 18.271 18.3595 18.2524 18.2307 18.1539 18.057 18.069 18.0837 18.0009 17.9874 17.9003 17.882 17.8777 17.8577 17.8441 17.8473 17.8852 17.8554 17.8511 17.8556 17.79 17.7958 17.7819 17.7617 17.7615 17.7914 17.7424 17.7377 17.7393 17.7287 17.7213 17.7255 17.7163 17.7049 17.6961 17.6892 17.6835 17.6793 17.676 17.6702 17.6672 17.6666 17.6648 17.6624 17.6558 17.6509 17.658 17.6639 17.6624 17.6527 17.6456 17.646 17.6447 17.6439 17.6432 17.6437 17.6398 17.639
-9999.0 -9999.0 -9999.0 -9999.0 -9999.0 -9999.0 -9999.0 -9999.0 -9999.0 -9999.0 -9999.0 18.2119 18.2293 18.1068 18.1557 18.1938 18.1051 18.1368 18.0474 17.9719 17.9203 17.8984 17.8793 17.8551 17.8424 17.8252 17.8618 17.8069 17.8445 17.8613 17.8769 17.7611 17.8716 17.797 17.7804 17.8317 17.7694 17.7562 17.7379 17.7181 17.7107 17.7076 17.6994 17.6909 17.6843 17.6808 17.6791 17.6742 17.6702 17.667 17.6615 17.6563 17.65 17.6496 17.6444 17.6411 17.6442 17.6503 17.6372 17.6395 17.6386 17.6357 17.6365 17.6354 17.6342 17.6333 17.6325
-9999.0 -9999.0 -9999.0 -9999.0 -9999.0 -9999.0 -9999.0 -9999.0 -9999.0 -9999.0 -9999.0 -9999.0 -9999.0 18.1641 18.165 18.2578 18.2355 18.1965 18.1473 18.0403 17.985 17.9253 17.9232 17.8752 17.8586 17.8266 17.8214 17.8615 17.8747 17.8325 17.7963 17.8233 17.8478 17.7484 17.7608 17.7425 17.7883 17.8602 17.718 17.7199 17.7359 17.693 17.6855 17.6834 17.6776 17.6727 17.6665 17.6593 17.6552 17.6506 17.6469 17.6474 17.6469 17.6441 17.6407 17.6397 17.6369 17.6341 17.6317 17.6315 17.6279 17.6244 17.621 17.6261 17.6248 17.621 17.6189
-9999.0 -9999.0 -9999.0 -9999.0 -9999.0 -9999.0 -9999.0 -9999.0 -9999.0 -9999.0 -9999.0 -9999.0 -9999.0 -9999.0 -9999.0 18.2589 18.2294 18.1972 18.15 18.0987 18.0929 18.0258 17.924 17.9154 17.8763 17.8365 17.8083 17.7898 17.8324 17.8338 17.7845 17.7565 17.7628 17.7716 17.7347 17.722 17.7218 17.7264 17.9114 17.8186 17.7141 17.6901 17.6804 17.6741 17.667 17.6616 17.6562 17.6536 17.6572 17.6426 17.6396 17.6357 17.637 17.6339 17.6261 17.6236 17.6215 17.6222 17.6186 17.6143 17.6146 17.6137 17.6179 17.6171 17.6143 17.6118 17.6088
-9999.0 -9999.0 -9999.0 -9999.0 -9999.0 -9999.0 -9999.0 -9999.0 -9999.0 -9999.0 -9999.0 -9999.0 -9999.0 -9999.0 -9999.0 -9999.0 18.3303 18.2178 18.2047 18.1862 18.086 18.0485 17.9821 17.9698 17.8916 17.8619 17.889 17.8042 17.8971 17.8098 17.7985 17.7891 17.8437 17.8105 17.8277 17.7245 17.7087 17.7099 17.7656 17.7791 17.7045 17.6906 17.6862 17.6717 17.6626 17.6556 17.6511 17.6454 17.6398 17.6445 17.6326 17.628 17.6264 17.6242 17.6179 17.6152 17.6136 17.6108 17.6082 17.6098 17.6109 17.6054 17.6028 17.6045 17.6046 17.5996 17.5992
-9999.0 -9999.0 -9999.0 -9999.0 -9999.0 -9999.0 -9999.0 -9999.0 -9999.0 -9999.0 -9999.0 -9999.0 -9999.0 -9999.0 -9999.0 -9999.0 -9999.0 18.1614 18.2587 18.2224 18.1699 18.1306 18.0849 17.9904 17.9972 17.9084 17.9084 17.8319 17.878 17.7823 17.7733 17.7895 17.7743 17.7433 17.746 17.7782 17.7196 17.704 17.7044 17.7299 17.777 17.7218 17.6872 17.6657 17.6574 17.6496 17.6431 17.6417 17.6465 17.6385 17.6257 17.6208 17.6194 17.614 17.6106 17.6088 17.6065 17.6027 17.604 17.5996 17.5973 17.596 17.5948 17.5934 17.5954 17.5916 17.5915
-9999.0 -9999.0 -9999.0 -9999.0 -9999.0 -9999.0 -9999.0 -9999.0 -9999.0 -9999.0 -9999.0 -9999.0 -9999.0 -9999.0 -9999.0 -9999.0 -9999.0 -9999.0 18.1893 18.1751 18.1913 18.1967 18.1811 18.1336 18.0348 17.9967 17.9418 17.9288 17.8334 17.8128 17.8124 17.7488 17.7626 17.7346 17.7208 17.7565 17.7719 17.7545 17.7207 17.7417 17.724 17.7394 17.6898 17.6609 17.66 17.6477 17.6414 17.6331 17.6309 17.6317 17.6183 17.6147 17.6116 17.6069 17.6042 17.602 17.5991 17.5966 17.5941 17.5921 17.5895 17.5881 17.5867 17.5855 17.587 17.5841 17.5821
-9999.0 -9999.0 -9999.0 -9999.0 -9999.0 -9999.0 -9999.0 -9999.0 -9999.0 -9999.0 -9999.0 -9999.0 -9999.0 -9999.0 -9999.0 -9999.0 -9999.0 -9999.0 -9999.0 18.2102 18.2072 18.1821 18.1852 18.145 18.1317 18.1072 18.058 17.9608 17.9134 17.8307 17.7828 17.7499 17.7363 17.7236 17.7575 17.7156 17.6954 17.6943 17.6887 17.679 17.6954 17.7182 17.7319 17.6777 17.6531 17.6438 17.6361 17.6299 17.6239 17.6175 17.6136 17.6104 17.6067 17.6017 17.5988 17.5962 17.5934 17.5909 17.5883 17.5857 17.5832 17.5813 17.5793 17.5792 17.5774 17.5756 17.5742
-9999.0 -9999.0 -9999.0 -9999.0 -9999.0 -9999.0 -9999.0 -9999.0 -9999.0 -9999.0 -9999.0 -9999.0 -9999.0 -9999.0 -9999.0 -9999.0 -9999.0 -9999.0 -9999.0 -9999.0 18.2223 18.2238 18.1565 18.1875 18.2013 18.1719 18.122 18.0592 18.0 17.9276 17.8006 17.7616 17.7533 17.7174 17.7072 17.7023 17.7325 17.6845 17.6807 17.6762 17.6789 17.6691 17.6948 17.6789 17.7012 17.6475 17.6432 17.6277 17.6186 17.6131 17.6085 17.6043 17.6021 17.5967 17.5935 17.5916 17.588 17.5929 17.5828 17.5797 17.5772 17.5744 17.5729 17.5713 17.5699 17.5686 17.5671
-9999.0 -9999.0 -9999.0 -9999.0 -9999.0 -9999.0 -9999.0 -9999.0 -9999.0 -9999.0 -9999.0 -9999.0 -9999.0 -9999.0 -9999.0 -9999.0 -9999.0 -9999.0 -9999.0 -9999.0 18.2301 18.2232 18.2082 18.1609 18.1464 18.1246 18.2286 18.217 18.1128 17.9237 17.8383 17.7826 17.8341 17.7198 17.7074 17.6983 17.6873 17.6794 17.674 17.6685 17.665 17.6629 17.6617 17.6852 17.7225 17.6686 17.665 17.6332 17.6171 17.613 17.6043 17.6006 17.5991 17.593 17.5907 17.6114 17.605 17.5832 17.5763 17.5733 17.5712 17.5686 17.5661 17.5643 17.5624 17.5607 17.5591
-9999.0 -9999.0 -9999.0 -9999.0 -9999.0 -9999.0 -9999.0 -9999.0 -9999.0 -9999.0 -9999.0 -9999.0 -9999.0 -9999.0 -9999.0 -9999.0 -9999.0 -9999.0 -9999.0 -9999.0 -9999.0 18.2204 18.1994 18.173 18.1486 -9999.0 18.1475 18.3683 18.2554 18.076 17.9621 17.8824 17.7954 17.7438 17.7107 17.6934 17.6834 17.6769 17.6726 17.6646 17.657 17.6542 17.6539 17.6545 17.6608 17.6573 17.7667 17.7218 17.679 17.6357 17.6132 17.6184 17.6075 17.5938 17.5874 17.5828 17.579 17.5742 17.5698 17.5676 17.5648 17.5621 17.5599 17.5576 17.5559 17.555 17.5526
-9999.0 -9999.0 -9999.0 -9999.0 -9999.0 -9999.0 -9999.0 -9999.0 -9999.0 -9999.0 -9999.0 -9999.0 -9999.0 -9999.0 -9999.0 -9999.0 -9999.0 -9999.0 -9999.0 -9999.0 -9999.0 18.1874 18.1485 18.0469 18.1437 -9999.0 18.1712 18.3739 18.4355 18.3722 18.1792 18.0216 17.8991 17.8001 17.8176 17.692 17.6814 17.6737 17.677 17.6659 17.6533 17.6479 17.643 17.6651 17.6519 17.6478 17.7222 17.7493 17.6546 17.7609 17.6582 17.6266 17.6138 17.6011 17.5867 17.5778 17.5742 17.5698 17.5657 17.5627 17.5592 17.5562 17.5542 17.5519 17.5499 17.5483 17.5469
-9999.0 -9999.0 -9999.0 -9999.0 -9999.0 -9999.0 -9999.0 -9999.0 -9999.0 -9999.0 -9999.0 -9999.0 -9999.0 -9999.0 -9999.0 -9999.0 -9999.0 -9999.0 -9999.0 -9999.0 -9999.0 -9999.0 18.1318 18.1936 18.1296 -9999.0 -9999.0 18.2494 18.5171 18.6251 18.5229 18.2322 18.0524 17.9095 17.7812 17.7285 17.69 17.7085 17.6719 17.6575 17.6515 17.643 17.6392 17.6605 17.6562 17.6732 17.8557 17.6251 17.7727 17.8265 17.7926 17.605 17.6201 17.5989 17.5873 17.5842 17.5726 17.5677 17.5627 17.5582 17.5547 17.5521 17.5491 17.5467 17.5447 17.5431 17.5415
-9999.0 -9999.0 -9999.0 -9999.0 -9999.0 -9999.0 -9999.0 -9999.0 -9999.0 -9999.0 -9999.0 -9999.0 -9999.0 -9999.0 -9999.0 -9999.0 -9999.0 -9999.0 -9999.0 -9999.0 -9999.0 -9999.0 -9999.0 18.0845 18.3485 18.1041 -9999.0 -9999.0 -9999.0 18.6229 18.7522 18.6959 18.2674 18.0584 17.8549 17.8237 17.7106 17.7605 17.696 17.6655 17.6487 17.642 17.6499 17.6303 17.6379 17.7305 17.6374 17.9194 17.6543 17.7395 17.761 17.653 17.773 17.841 17.6519 17.5892 17.5757 17.5693 17.5672 17.5574 17.5507 17.5473 17.5444 17.5422 17.5402 17.5383 17.5368
-9999.0 -9999.0 -9999.0 -9999.0 -9999.0 -9999.0 -9999.0 -9999.0 -9999.0 -9999.0 -9999.0 -9999.0 -9999.0 -9999.0 -9999.0 -9999.0 -9999.0 -9999.0 -9999.0 -9999.0 -9999.0 -9999.0 -9999.0 -9999.0 18.0874 18.0722 18.111 -9999.0 -9999.0 -9999.0 18.8602 18.7205 18.6266 18.2384 18.0649 17.837 17.7677 17.6988 17.6725 17.6521 17.6447 17.6451 17.6305 17.6241 17.6206 17.6216 17.6733 17.7214 17.6888 17.7007 17.6357 17.8715 17.8768 17.92 17.6452 17.6465 17.6095 17.5681 17.5594 17.5536 17.5476 17.544 17.5415 17.5392 17.536 17.5353 17.5326
-9999.0 -9999.0 -9999.0 -9999.0 -9999.0 -9999.0 -9999.0 -9999.0 -9999.0 -9999.0 -9999.0 -9999.0 -9999.0 -9999.0 -9999.0 -9999.0 -9999.0 -9999.0 -9999.0 -9999.0 -9999.0 -9999.0 -9999.0 -9999.0 -9999.0 18.0585 18.1019 -9999.0 -9999.0 -9999.0 -9999.0 18.7095 18.5101 18.2374 18.0834 17.9787 17.9091 17.8448 17.6817 17.6633 17.6625 17.639 17.6457 17.625 17.6161 17.6199 17.6337 17.6364 17.6712 17.8275 17.8389 17.7888 17.8924 17.9172 17.8684 17.9748 17.6725 17.5956 17.561 17.5494 17.5437 17.5399 17.5385 17.5353 17.5332 17.5321 17.5301
-9999.0 -9999.0 -9999.0 -9999.0 -9999.0 -9999.0 -9999.0 -9999.0 -9999.0 -9999.0 -9999.0 -9999.0 -9999.0 -9999.0 -9999.0 -9999.0 -9999.0 -9999.0 -9999.0 -9999.0 -9999.0 -9999.0 -9999.0 -9999.0 -9999.0 -9999.0 -9999.0 -9999.0 -9999.0 -9999.0 -9999.0 18.5829 18.5013 18.0555 17.9814 17.8902 17.8417 17.7632 17.8598 17.8263 17.8805 17.7867 17.7203 17.63 17.617 17.615 17.6364 17.5997 17.6355 17.6337 17.887 17.8013 17.948 17.7262 17.6847 17.752 17.6507 17.5971 17.5687 17.5516 17.5426 17.5378 17.5375 17.5325 17.5311 17.5303 17.5283
-9999.0 -9999.0 -9999.0 -9999.0 -9999.0 -9999.0 -9999.0 -9999.0 -9999.0 -9999.0 -9999.0 -9999.0 -9999.0 -9999.0 -9999.0 -9999.0 -9999.0 -9999.0 -9999.0 -9999.0 -9999.0 -9999.0 -9999.0 -9999.0 -9999.0 -9999.0 -9999.0 -9999.0 -9999.0 -9999.0 -9999.0 18.3886 18.2291 17.9821 17.9544 17.9824 17.9498 17.8656 17.8781 17.7337 17.7218 17.6877 17.7411 17.6421 17.6668 17.6107 17.6302 17.5955 17.6209 17.6439 17.6854 17.6664 17.6902 17.8683 17.6873 17.7418 17.7634 17.8542 17.5733 17.5464 17.5434 17.536 17.5321 17.5301 17.529 17.5285 17.5268
-9999.0 -9999.0 -9999.0 -9999.0 -9999.0 -9999.0 -9999.0 -9999.0 -9999.0 -9999.0 -9999.0 -9999.0 -9999.0 -9999.0 -9999.0 -9999.0 -9999.0 -9999.0 -9999.0 -9999.0 -9999.0 -9999.0 -9999.0 -9999.0 -9999.0 -9999.0 -9999.0 -9999.0 -9999.0 -9999.0 -9999.0 18.4629 18.6051 18.4261 18.3266 18.1844 18.0471 17.9036 17.7888 17.7987 17.8564 17.7456 17.7206 17.7769 17.6498 17.6352 17.6043 17.5993 17.6058 17.5872 17.6253 17.6282 17.7438 17.6212 17.7571 17.7896 17.5583 17.59 17.734 17.5678 17.5372 17.5329 17.5299 17.5287 17.5274 17.5254 17.5233
-9999.0 -9999.0 -9999.0 -9999.0 -9999.0 -9999.0 -9999.0 -9999.0 -9999.0 -9999.0 -9999.0 -9999.0 -9999.0 -9999.0 -9999.0 -9999.0 -9999.0 -9999.0 -9999.0 -9999.0 -9999.0 -9999.0 -9999.0 -9999.0 -9999.0 -9999.0 -9999.0 -9999.0 -9999.0 -9999.0 -9999.0 -9999.0 -9999.0 18.2987 18.7362 18.3608 18.1603 17.9478 17.925 17.8135 17.9269 17.969 17.9086 17.8865 17.6896 17.6656 17.6416 17.6212 17.6253 17.6569 17.6195 17.6986 17.6278 17.7112 17.722 17.5965 17.7414 17.704 17.6218 17.5823 17.5338 17.5311 17.5286 17.5266 17.5249 17.5225 17.5281
-9999.0 -9999.0 -9999.0 -9999.0 -9999.0 -9999.0 -9999.0 -9999.0 -9999.0 -9999.0 -9999.0 -9999.0 -9999.0 -9999.0 -9999.0 -9999.0 -9999.0 -9999.0 -9999.0 -9999.0 -9999.0 -9999.0 -9999.0 -9999.0 -9999.0 -9999.0 -9999.0 -9999.0 -9999.0 -9999.0 -9999.0 -9999.0 -9999.0 -9999.0 18.1896 18.1374 18.3062 18.141 17.9011 17.7854 17.9779 17.7983 17.955 17.88 17.7541 17.6553 17.64 17.6096 17.5975 17.5844 17.5854 17.6316 17.6008 17.7044 17.6622 17.5773 17.5616 17.5567 17.6072 17.5851 17.5486 17.5455 17.5414 17.5271 17.5266 17.5208 17.5212
-9999.0 -9999.0 -9999.0 -9999.0 -9999.0 -9999.0 -9999.0 -9999.0 -9999.0 -9999.0 -9999.0 -9999.0 -9999.0 -9999.0 -9999.0 -9999.0 -9999.0 -9999.0 -9999.0 -9999.0 -9999.0 -9999.0 -9999.0 -9999.0 -9999.0 -9999.0 -9999.0 -9999.0 -9999.0 -9999.0 -9999.0 -9999.0 -9999.0 -9999.0 -9999.0 -9999.0 18.0639 18.0049 18.2141 18.0511 17.8228 17.9779 17.6991 17.7119 17.8177 17.6875 17.6374 17.6965 17.6191 17.5969 17.6529 17.5786 17.5717 17.5943 17.584 17.6119 17.5739 17.5464 17.6318 17.6659 17.5577 17.5485 17.5362 17.5294 17.5256 17.5231 17.5175
-9999.0 -9999.0 -9999.0 -9999.0 -9999.0 -9999.0 -9999.0 -9999.0 -9999.0 -9999.0 -9999.0 -9999.0 -9999.0 -9999.0 -9999.0 -9999.0 -9999.0 -9999.0 -9999.0 -9999.0 -9999.0 -9999.0 -9999.0 -9999.0 -9999.0 -9999.0 -9999.0 -9999.0 -9999.0 -9999.0 -9999.0 -9999.0 -9999.0 -9999.0 -9999.0 -9999.0 -9999.0 -9999.0 17.9616 18.2223 17.8339 17.9752 17.8851 17.6984 17.744 17.8382 17.8081 17.5949 17.5968 17.6036 17.5787 17.593 17.565 17.5647 17.5649 17.5929 17.5451 17.5465 17.5494 17.5828 17.6497 17.6342 17.5385 17.5302 17.5257 17.5194 17.5166
-9999.0 -9999.0 -9999.0 -9999.0 -9999.0 -9999.0 -9999.0 -9999.0 -9999.0 -9999.0 -9999.0 -9999.0 -9999.0 -9999.0 -9999.0 -9999.0 -9999.0 -9999.0 -9999.0 -9999.0 -9999.0 -9999.0 -9999.0 -9999.0 -9999.0 -9999.0 -9999.0 -9999.0 -9999.0 -9999.0 -9999.0 -9999.0 -9999.0 -9999.0 -9999.0 -9999.0 -9999.0 -9999.0 17.9984 18.291 18.1444 17.8588 17.743 17.7111 17.7833 17.7342 17.6173 17.6013 17.619 17.6146 17.5978 17.5858 17.5804 17.5657 17.5567 17.5528 17.5462 17.5411 17.5386 17.6618 17.6801 17.5965 17.5446 17.536 17.5281 17.5178 17.5182
-9999.0 -9999.0 -9999.0 -9999.0 -9999.0 -9999.0 -9999.0 -9999.0 -9999.0 -9999.0 -9999.0 -9999.0 -9999.0 -9999.0 -9999.0 -9999.0 -9999.0 -9999.0 -9999.0 -9999.0 -9999.0 -9999.0 -9999.0 -9999.0 -9999.0 -9999.0 -9999.0 -9999.0 -9999.0 -9999.0 -9999.0 -9999.0 -9999.0 -9999.0 -9999.0 -9999.0 -9999.0 -9999.0 -9999.0 18.2258 18.1101 17.8303 17.7378 17.6957 17.9294 17.6947 17.6154 17.6458 17.6643 17.637 17.6147 17.6015 17.5801 17.5608 17.5533 17.5643 17.596 17.5378 17.6381 17.5539 17.568 17.6165 17.5972 17.5426 17.527 17.5553 17.5351
-9999.0 -9999.0 -9999.0 -9999.0 -9999.0 -9999.0 -9999.0 -9999.0 -9999.0 -9999.0 -9999.0 -9999.0 -9999.0 -9999.0 -9999.0 -9999.0 -9999.0 -9999.0 -9999.0 -9999.0 -9999.0 -9999.0 -9999.0 -9999.0 -9999.0 -9999.0 -9999.0 -9999.0 -9999.0 -9999.0 -9999.0 -9999.0 -9999.0 -9999.0 -9999.0 -9999.0 -9999.0 -9999.0 -9999.0 17.9562 17.8894 17.8119 17.6989 17.8327 17.8497 17.6669 17.6467 17.7081 17.6975 17.6572 17.6287 17.6044 17.6144 17.5636 17.5537 17.5488 17.5542 17.5469 17.6001 17.5704 17.5604 17.6211 17.6604 17.5312 17.6108 17.6114 17.6395
