setup_data/66100_caitjcampbell_Annual_NoAm_Map_H_1980_2010/66100_caitjcampbell_Annual_NoAm_Map_H_1980_2010/stdreg.asc
ncols 260
nrows 141
xllcorner -177.1999969482422
yllcorner 6.0
cellsize 0.5
NODATA_value -9999
[rows 0 to 29 of 141, columns 67 to 133 of 260]
-9999.0 -9999.0 -9999.0 -9999.0 -9999.0 -9999.0 -9999.0 -9999.0 -9999.0 -9999.0 -9999.0 -9999.0 -9999.0 -9999.0 -9999.0 -9999.0 -9999.0 -9999.0 -9999.0 -9999.0 -9999.0 -9999.0 -9999.0 -9999.0 -9999.0 -9999.0 -9999.0 -9999.0 -9999.0 -9999.0 -9999.0 -9999.0 -9999.0 -9999.0 -9999.0 -9999.0 -9999.0 -9999.0 -9999.0 -9999.0 -9999.0 -9999.0 18.3324 18.3287 18.3304 18.332 18.3347 18.344 18.3407 18.3449 18.3455 -9999.0 18.3448 18.3512 18.3541 18.3509 18.354 18.3589 18.3612 18.3636 18.3674 18.3711 18.3751 -9999.0 -9999.0 -9999.0 -9999.0
-9999.0 -9999.0 -9999.0 -9999.0 -9999.0 -9999.0 -9999.0 -9999.0 -9999.0 -9999.0 -9999.0 -9999.0 -9999.0 -9999.0 -9999.0 -9999.0 -9999.0 -9999.0 -9999.0 -9999.0 -9999.0 -9999.0 -9999.0 -9999.0 -9999.0 -9999.0 -9999.0 -9999.0 -9999.0 -9999.0 -9999.0 -9999.0 -9999.0 -9999.0 -9999.0 -9999.0 -9999.0 -9999.0 -9999.0 -9999.0 -9999.0 -9999.0 18.3007 18.3012 -9999.0 18.3038 18.3054 18.307 18.3087 18.3102 18.3103 18.311 18.3146 18.3218 18.3292 18.3329 18.3399 18.3334 18.3479 18.3483 18.3529 18.3544 18.3523 18.3528 18.349 -9999.0 -9999.0
-9999.0 -9999.0 -9999.0 -9999.0 -9999.0 -9999.0 -9999.0 -9999.0 -9999.0 -9999.0 -9999.0 -9999.0 -9999.0 -9999.0 -9999.0 -9999.0 -9999.0 -9999.0 -9999.0 -9999.0 -9999.0 -9999.0 -9999.0 -9999.0 -9999.0 -9999.0 -9999.0 -9999.0 -9999.0 -9999.0 -9999.0 -9999.0 -9999.0 -9999.0 18.2747 -9999.0 -9999.0 -9999.0 -9999.0 -9999.0 -9999.0 -9999.0 -9999.0 -9999.0 -9999.0 -9999.0 -9999.0 -9999.0 -9999.0 -9999.0 -9999.0 -9999.0 18.2844 18.2862 18.295 18.2994 18.298 18.3253 18.3084 18.2942 18.3159 18.3205 18.3122 18.3254 18.3215 18.3168 18.3269
-9999.0 -9999.0 -9999.0 -9999.0 -9999.0 -9999.0 -9999.0 -9999.0 -9999.0 -9999.0 -9999.0 -9999.0 -9999.0 -9999.0 -9999.0 -9999.0 -9999.0 -9999.0 -9999.0 -9999.0 -9999.0 -9999.0 -9999.0 -9999.0 -9999.0 -9999.0 -9999.0 -9999.0 -9999.0 -9999.0 -9999.0 -9999.0 -9999.0 -9999.0 -9999.0 -9999.0 -9999.0 -9999.0 -9999.0 -9999.0 -9999.0 -9999.0 -9999.0 -9999.0 -9999.0 -9999.0 -9999.0 -9999.0 -9999.0 -9999.0 -9999.0 -9999.0 -9999.0 -9999.0 -9999.0 -9999.0 18.2586 18.2591 -9999.0 18.2703 18.2676 18.2722 18.2767 18.2812 18.2817 18.2865 18.2874
-9999.0 -9999.0 -9999.0 -9999.0 -9999.0 -9999.0 -9999.0 -9999.0 -9999.0 -9999.0 -9999.0 -9999.0 -9999.0 -9999.0 -9999.0 -9999.0 -9999.0 -9999.0 -9999.0 -9999.0 -9999.0 -9999.0 -9999.0 -9999.0 -9999.0 -9999.0 -9999.0 -9999.0 -9999.0 -9999.0 -9999.0 -9999.0 -9999.0 -9999.0 -9999.0 -9999.0 -9999.0 -9999.0 18.2133 18.2083 18.2079 18.208 18.2085 18.2123 18.2111 18.216 18.2118 18.2133 18.215 18.2157 18.2163 18.2183 18.218 18.2175 -9999.0 -9999.0 -9999.0 -9999.0 -9999.0 -9999.0 18.2351 18.2376 18.2407 18.2442 18.2478 -9999.0 -9999.0
-9999.0 -9999.0 -9999.0 -9999.0 -9999.0 -9999.0 -9999.0 -9999.0 -9999.0 -9999.0 -9999.0 -9999.0 -9999.0 -9999.0 -9999.0 -9999.0 -9999.0 -9999.0 -9999.0 -9999.0 -9999.0 -9999.0 -9999.0 -9999.0 -9999.0 -9999.0 -9999.0 -9999.0 -9999.0 -9999.0 -9999.0 -9999.0 -9999.0 -9999.0 -9999.0 -9999.0 -9999.0 -9999.0 -9999.0 18.1853 18.1808 18.1798 18.1802 18.1809 18.1808 18.1813 18.1813 18.1826 18.1863 18.1977 18.195 18.1955 18.1951 18.1929 18.1911 18.1905 18.1942 -9999.0 -9999.0 -9999.0 -9999.0 -9999.0 -9999.0 -9999.0 -9999.0 -9999.0 -9999.0
-9999.0 -9999.0 -9999.0 -9999.0 -9999.0 -9999.0 -9999.0 -9999.0 -9999.0 -9999.0 -9999.0 -9999.0 -9999.0 -9999.0 -9999.0 -9999.0 -9999.0 -9999.0 -9999.0 -9999.0 -9999.0 -9999.0 -9999.0 -9999.0 -9999.0 -9999.0 -9999.0 -9999.0 -9999.0 -9999.0 -9999.0 -9999.0 -9999.0 -9999.0 -9999.0 -9999.0 -9999.0 -9999.0 18.1599 18.1557 18.1548 18.1538 18.1534 18.1535 18.1533 18.1567 18.1591 18.1544 18.1562 18.1574 18.1579 18.1603 18.1594 18.1584 18.1595 18.1604 18.1612 18.1649 18.1679 18.1665 -9999.0 -9999.0 -9999.0 -9999.0 -9999.0 -9999.0 -9999.0
-9999.0 -9999.0 -9999.0 -9999.0 -9999.0 -9999.0 -9999.0 -9999.0 -9999.0 -9999.0 -9999.0 -9999.0 -9999.0 -9999.0 -9999.0 -9999.0 -9999.0 -9999.0 -9999.0 -9999.0 -9999.0 -9999.0 -9999.0 -9999.0 -9999.0 -9999.0 -9999.0 -9999.0 -9999.0 -9999.0 -9999.0 -9999.0 -9999.0 -9999.0 -9999.0 -9999.0 -9999.0 -9999.0 18.132 18.1299 18.1286 18.1274 18.1265 18.1263 18.1257 18.1258 18.1262 18.1282 18.1276 18.1287 18.1295 18.1304 18.1325 18.1305 18.1329 18.1345 18.1378 18.1375 18.1407 18.1383 18.1442 18.146 18.151 18.1528 18.1497 18.1566 18.1595
-9999.0 -9999.0 -9999.0 -9999.0 -9999.0 -9999.0 -9999.0 -9999.0 -9999.0 -9999.0 -9999.0 -9999.0 -9999.0 -9999.0 -9999.0 -9999.0 -9999.0 -9999.0 -9999.0 -9999.0 -9999.0 -9999.0 -9999.0 -9999.0 -9999.0 -9999.0 -9999.0 -9999.0 -9999.0 -9999.0 -9999.0 -9999.0 -9999.0 -9999.0 -9999.0 -9999.0 18.1148 18.1104 18.1071 18.1058 18.1034 18.1022 18.1005 18.1 18.0993 18.0995 18.1007 18.102 18.1028 18.1029 18.1023 18.1024 18.1035 18.1035 18.1043 18.1057 18.1084 18.1094 18.111 18.1125 18.1173 18.1197 18.1201 18.1306 18.1268 18.1359 18.1406
-9999.0 -9999.0 -9999.0 -9999.0 -9999.0 -9999.0 -9999.0 -9999.0 -9999.0 -9999.0 -9999.0 -9999.0 -9999.0 -9999.0 -9999.0 -9999.0 -9999.0 -9999.0 -9999.0 -9999.0 -9999.0 -9999.0 -9999.0 -9999.0 -9999.0 -9999.0 -9999.0 -9999.0 -9999.0 -9999.0 -9999.0 -9999.0 -9999.0 -9999.0 -9999.0 -9999.0 18.0934 18.0908 18.0891 18.0825 18.0789 18.0775 18.0773 18.0774 18.0747 18.0764 18.076 18.0785 -9999.0 18.0759 18.0762 18.0759 18.0766 18.0814 18.0799 18.0798 18.0862 18.0821 18.0874 18.0906 18.0925 18.0966 18.1024 18.0944 18.1044 18.1069 18.1121
-9999.0 -9999.0 -9999.0 -9999.0 -9999.0 -9999.0 -9999.0 -9999.0 -9999.0 -9999.0 -9999.0 -9999.0 -9999.0 -9999.0 -9999.0 -9999.0 -9999.0 -9999.0 -9999.0 -9999.0 -9999.0 -9999.0 -9999.0 -9999.0 -9999.0 -9999.0 -9999.0 -9999.0 -9999.0 -9999.0 -9999.0 -9999.0 -9999.0 -9999.0 -9999.0 -9999.0 -9999.0 -9999.0 -9999.0 -9999.0 18.0629 18.065 18.0581 18.0555 18.0562 18.0549 18.0543 -9999.0 -9999.0 -9999.0 -9999.0 18.0512 18.0519 18.052 18.0516 18.0564 18.0592 18.061 18.0564 18.0573 18.0592 18.0635 18.0673 18.0752 18.074 18.0794 18.0836
-9999.0 -9999.0 -9999.0 -9999.0 -9999.0 -9999.0 -9999.0 -9999.0 -9999.0 -9999.0 -9999.0 -9999.0 -9999.0 -9999.0 -9999.0 -9999.0 -9999.0 -9999.0 -9999.0 -9999.0 -9999.0 -9999.0 -9999.0 -9999.0 -9999.0 -9999.0 -9999.0 -9999.0 -9999.0 -9999.0 -9999.0 18.0678 -9999.0 -9999.0 -9999.0 -9999.0 -9999.0 -9999.0 -9999.0 -9999.0 -9999.0 -9999.0 -9999.0 -9999.0 -9999.0 -9999.0 -9999.0 -9999.0 -9999.0 -9999.0 -9999.0 18.0273 18.0258 18.0276 18.0278 18.0293 18.0285 18.0293 18.0304 18.0308 18.0317 18.0331 18.0356 18.0398 18.0436 18.046 18.0526
18.3437 18.3296 -9999.0 -9999.0 -9999.0 -9999.0 -9999.0 -9999.0 -9999.0 -9999.0 -9999.0 -9999.0 -9999.0 -9999.0 -9999.0 -9999.0 -9999.0 -9999.0 -9999.0 -9999.0 -9999.0 -9999.0 -9999.0 -9999.0 -9999.0 -9999.0 18.0784 18.0712 18.0651 -9999.0 -9999.0 18.0492 18.0424 18.0406 -9999.0 -9999.0 -9999.0 -9999.0 -9999.0 -9999.0 -9999.0 -9999.0 -9999.0 -9999.0 -9999.0 -9999.0 -9999.0 -9999.0 -9999.0 -9999.0 -9999.0 -9999.0 -9999.0 18.0037 18.0039 18.0033 18.0034 18.006 18.0063 18.0066 18.0069 18.008 18.0093 18.012 18.0142 18.0172 18.0201
18.3118 18.2945 18.2909 18.2841 18.2759 18.2629 18.2504 18.2384 18.2274 18.2173 -9999.0 -9999.0 -9999.0 -9999.0 -9999.0 -9999.0 18.146 -9999.0 -9999.0 18.1182 18.1098 18.102 18.0916 18.0837 18.0715 18.0632 18.0591 18.0524 18.0432 18.0393 18.0282 18.0242 18.019 18.0174 18.0187 18.0167 -9999.0 18.0084 18.0054 18.0027 -9999.0 17.9949 17.9913 17.9858 17.987 17.9887 17.987 -9999.0 -9999.0 -9999.0 -9999.0 -9999.0 -9999.0 17.9808 17.98 17.9798 17.9807 17.9841 17.9889 17.9871 17.9888 17.9872 17.9908 17.9907 17.9925 17.9933 17.9961
18.3021 18.2508 18.3172 18.24 18.2222 18.2069 18.1881 18.1922 18.1693 18.1924 18.1937 18.1843 -9999.0 -9999.0 -9999.0 -9999.0 18.1322 18.1203 18.1104 18.0999 18.0914 18.0816 18.0749 18.0656 18.0574 18.0516 18.0404 18.034 18.0165 18.008 18.0103 17.9967 17.9911 17.9889 17.9886 17.9847 17.9824 17.9791 17.9756 17.973 17.976 17.9682 17.9745 17.9803 17.9834 17.9727 17.9644 17.9615 17.9574 17.96 17.9616 17.9608 17.9605 -9999.0 -9999.0 17.9603 17.9604 17.9606 17.9604 17.9604 17.9592 17.96 17.9615 17.9633 17.9657 17.9681 17.9709
18.2926 18.2384 18.2222 18.2085 18.1968 18.1845 18.174 18.1628 18.1593 18.1515 18.1431 18.1464 18.1519 18.1351 18.1323 18.1309 18.1207 18.11 18.0999 18.0796 18.0748 18.0668 18.0562 18.039 18.0342 18.027 18.0186 18.0088 18.0046 17.993 17.991 17.9851 17.9799 17.9748 17.9727 17.9678 17.9646 17.9621 17.9562 17.953 17.9513 17.95 17.9485 17.9531 17.9556 17.9519 17.9525 17.948 17.9506 17.9394 17.9357 17.9354 17.9358 17.9371 17.9373 17.9387 17.9379 17.9385 17.9398 17.9394 -9999.0 17.9362 17.9377 17.9395 17.942 17.9444 17.9464
18.2352 18.2213 18.2103 18.2051 18.1937 18.1927 18.1836 18.1694 18.1599 18.1453 18.1315 18.1141 18.1228 18.1007 18.09 18.0773 18.0984 18.0986 18.0898 18.0795 18.0705 18.0454 18.0292 18.0197 18.0139 18.0077 17.9959 17.9914 17.9919 17.9889 17.9792 17.9727 17.9632 17.9579 17.9529 17.9528 17.946 17.9418 17.9382 17.9355 17.9325 17.9333 17.9295 17.9281 17.9245 17.9302 17.9303 17.927 17.9268 17.9174 17.9152 17.9149 17.9145 17.9153 17.9157 17.9164 17.9179 17.92 17.9196 17.9183 17.9192 -9999.0 -9999.0 -9999.0 17.9236 17.9245 17.9263
18.2343 18.2127 18.2225 18.1896 18.1729 18.1608 18.1615 18.1496 18.1497 18.1387 18.1245 18.1023 18.0934 18.0786 18.0707 18.0696 18.0915 18.0902 18.081 18.0666 18.0511 18.0311 18.0181 18.0108 17.9971 17.9925 17.9843 17.9754 17.9771 17.9659 17.9653 17.9519 17.9462 17.941 17.9368 17.9326 17.929 17.9259 17.9232 17.918 17.9149 17.912 17.9093 17.9065 17.905 17.9041 17.9035 17.8999 17.8974 17.8965 17.8966 17.899 17.8985 17.8954 17.8972 17.8983 17.8989 17.9004 17.8994 17.8988 17.8978 17.8974 17.9012 17.8977 17.899 17.8995 17.9014
18.2483 18.234 18.2075 18.1951 18.1778 18.1634 18.1417 18.1292 18.1223 18.1089 18.1018 18.0984 18.094 18.0835 18.0615 18.0663 18.054 18.0771 18.0654 18.0527 18.0382 18.035 18.021 18.0036 17.9824 17.9771 17.9854 17.9635 17.9551 17.9508 17.9464 17.9423 17.9325 17.9257 17.9227 17.9195 17.9135 17.9076 17.9063 17.9026 17.8983 17.8947 17.8921 17.8891 17.8863 17.884 17.8825 17.8808 17.8787 17.8775 17.8764 17.8765 17.8759 17.8761 17.8762 17.8766 17.8771 17.884 17.8844 17.8821 17.8795 17.8805 17.8832 17.8828 17.8826 17.8825 17.8861
18.2549 18.2234 18.1975 18.1783 18.1623 18.1446 18.1334 18.1182 18.1072 18.0955 18.0878 18.0878 18.075 18.0688 18.0496 18.0385 18.0423 18.0363 18.0499 18.0392 18.0283 18.0188 17.9994 17.9915 17.9831 17.9748 17.9614 17.9695 17.9518 17.9389 17.9388 17.9315 17.9248 17.9149 17.9084 17.9027 17.898 17.8943 17.8903 17.8856 17.882 17.8804 17.8753 17.8723 17.8744 17.872 17.8704 17.868 17.8622 17.8598 17.8586 17.8579 17.8571 17.8574 17.8575 17.8578 17.8578 17.8586 17.8636 17.8671 17.8646 17.8668 17.8673 17.8677 17.8682 17.8668 17.8684
18.2411 18.2326 18.2086 18.1942 18.1517 18.1366 18.1164 18.1035 18.0948 18.0855 18.0748 18.0658 18.0557 18.0466 18.0398 18.0254 18.0136 18.0107 18.0102 18.0098 18.0104 17.9987 17.9982 17.976 17.9707 17.9661 17.963 17.9545 17.9487 17.9441 17.9328 17.9184 17.9183 17.9052 17.9026 17.8933 17.8841 17.8865 17.8824 17.878 17.8737 17.8695 17.8609 17.8576 17.8587 17.8571 17.8544 17.8516 17.8493 17.8468 17.8452 17.8432 17.8389 17.8386 17.8398 17.8418 17.8433 17.84 17.839 17.8391 17.8399 17.8435 17.8461 17.8558 17.8473 17.8486 17.8514
18.2095 18.191 18.1808 18.1674 18.1377 18.1252 18.1103 18.0936 18.1116 18.0694 18.0594 18.0563 18.0455 18.0318 18.0273 18.0146 18.0065 18.012 17.9915 17.982 17.9695 17.9628 17.9517 17.943 17.9375 17.9304 17.9235 17.932 17.9326 17.9306 17.9232 17.9067 17.8973 17.8872 17.8785 17.8759 17.8679 17.8645 17.8646 17.8608 17.8532 17.8481 17.8436 17.8498 17.846 17.8423 17.8395 17.8366 17.8293 17.8262 17.8279 17.8239 17.8218 17.8212 17.8209 17.822 17.8238 17.8252 17.824 17.821 17.8248 17.8325 17.8265 17.832 17.8284 17.8304 17.8325
18.1897 18.1793 18.1703 18.1565 18.1317 18.1131 18.1043 18.0957 18.0717 18.0626 18.0589 18.0388 18.0274 18.0166 18.0231 18.0004 17.9936 17.9828 17.9895 17.9961 17.9823 17.9845 17.9789 17.9871 17.9673 17.966 17.9152 17.9086 17.9062 17.908 17.8918 17.8876 17.8918 17.8937 17.8819 17.86 17.8728 17.8564 17.8488 17.8494 17.8449 17.8422 17.8399 17.8354 17.8262 17.8193 17.8232 17.8198 17.8122 17.8105 17.8116 17.8066 17.8055 17.804 17.803 17.8022 17.8031 17.8056 17.8076 17.8058 17.8038 17.8078 17.8059 17.8092 17.8118 17.815 17.8152
18.1775 18.158 18.1428 18.1279 18.1167 18.1118 18.0944 18.0824 18.1201 18.0919 18.0513 18.0326 18.0207 18.018 18.0243 18.0223 17.9939 18.0757 18.0262 17.9871 17.9466 18.0211 17.9326 17.9939 18.0005 17.9459 17.9307 17.9604 17.9529 17.9249 17.9492 17.9375 17.8714 17.8575 17.8558 17.8561 17.8542 17.862 17.8376 17.8319 17.8278 17.8242 17.822 17.8205 17.8164 17.8079 17.8027 17.7988 17.7976 17.7942 17.7937 17.7913 17.7901 17.7878 17.7865 17.7854 17.7853 17.7851 17.7874 17.7899 17.7893 17.7895 17.7895 17.7901 17.7925 17.7954 17.7956
18.1646 18.1734 18.1354 18.1213 18.1078 18.0947 18.0819 18.0765 18.0555 18.0489 18.0303 18.0617 18.0413 18.0349 18.039 17.9813 17.967 18.0038 17.9898 17.9359 17.9389 17.9401 17.9342 17.9627 17.9637 17.9565 18.027 17.9073 17.9771 17.9235 17.8812 17.86 17.853 17.9119 17.8455 17.8418 17.842 17.8364 17.8441 17.822 17.8114 17.8136 17.8049 17.8014 17.8009 17.7943 17.7881 17.7845 17.782 17.7803 17.7771 17.776 17.7767 17.7735 17.7706 17.7696 17.7692 17.769 17.7689 17.77 17.7706 17.7725 17.7741 17.7734 17.7739 17.775 17.7769
18.1697 18.1499 18.1354 18.1261 18.1042 18.0879 18.0817 18.0612 18.05 18.0441 18.0311 18.0174 18.0024 18.0007 17.9996 17.9724 17.9643 17.9493 17.9539 17.9282 17.9194 17.9207 17.9023 17.8942 17.9399 17.9268 17.8984 17.9668 17.888 17.9623 17.9942 17.8732 17.9967 17.9038 17.8384 17.8363 17.8318 17.8172 17.8128 17.8174 17.8021 17.7962 17.7957 17.7891 17.7814 17.7835 17.7767 17.7707 17.7677 17.768 17.7642 17.7625 17.7618 17.7624 17.7574 17.7551 17.7539 17.7535 17.7535 17.7536 17.7538 17.7545 17.7568 17.7574 17.7589 17.7585 17.7607
18.1913 18.1675 18.1527 18.1165 18.0987 18.091 18.0811 18.0717 18.0477 18.0396 18.025 18.0071 17.9934 17.9852 17.9777 17.9688 17.9969 17.9374 17.9424 17.9178 17.9321 17.9186 17.8931 17.9315 17.9216 17.8769 17.9299 17.9856 17.9101 17.9642 17.9376 17.9718 18.0157 17.8719 17.8272 17.8794 17.8222 17.8109 17.798 17.7926 17.8098 17.7828 17.784 17.7775 17.7715 17.7677 17.7625 17.7592 17.7592 17.7557 17.7523 17.75 17.7477 17.7468 17.7471 17.7457 17.743 17.7408 17.7387 17.7391 17.7387 17.7389 17.7396 17.7443 17.7428 17.743 17.7441
18.1826 18.1508 18.1341 18.1269 18.1205 18.0923 18.0763 18.0673 18.0639 18.0352 18.0169 18.0007 17.9903 17.9806 17.9698 17.9554 17.9472 17.934 17.9188 17.9357 17.9005 17.9061 17.8918 17.8809 17.8878 17.8632 17.9013 17.8954 17.892 17.8619 17.9589 17.9658 18.0026 17.8496 17.9061 17.84 17.8768 17.8139 17.7899 17.7898 17.7839 17.7796 17.7719 17.7738 17.7696 17.7648 17.7616 17.7568 17.7509 17.7465 17.7422 17.7372 17.7341 17.7322 17.7338 17.7333 17.7317 17.7299 17.7263 17.7256 17.725 17.7246 17.7247 17.7249 17.7252 17.7254 17.726
18.2049 18.1596 18.1806 18.156 18.115 18.096 18.0943 18.0733 18.0512 18.0221 18.0096 17.997 17.9918 17.9706 17.9562 17.9473 17.9328 17.9333 17.9219 17.9101 17.8893 17.8964 17.8774 17.8994 17.8781 17.8759 17.8527 17.8733 17.9519 17.9771 17.9002 17.9594 17.9188 17.9763 17.9221 17.8681 17.8294 17.818 17.784 17.7769 17.7742 17.7805 17.7693 17.7598 17.7556 17.745 17.7383 17.737 17.7318 17.7294 17.7248 17.7272 17.7264 17.7222 17.7216 17.7213 17.7202 17.7184 17.7183 17.7172 17.7133 17.7132 17.7117 17.7143 17.7142 17.7109 17.7118
19.0716 18.7602 18.1551 18.2152 18.1205 18.1078 18.1217 18.0686 18.0473 18.0186 18.0056 18.006 17.9764 17.9669 17.9551 17.9442 17.9255 17.9135 17.9021 17.9279 17.9645 17.918 17.9567 17.8625 17.8527 17.8496 17.8616 17.8964 17.8546 17.9233 17.8297 17.9509 18.0087 17.9716 17.8798 17.8127 17.8593 17.8157 17.8101 17.773 17.7665 17.7593 17.7518 17.7491 17.7516 17.7449 17.7411 17.7335 17.7262 17.7215 17.7214 17.7205 17.7159 17.7124 17.7097 17.7082 17.7087 17.707 17.7062 17.705 17.704 17.702 17.7018 17.6979 17.6977 17.6978 17.6985
