setup_data/66100_caitjcampbell_Annual_NoAm_Map_H_1980_2010/66100_caitjcampbell_Annual_NoAm_Map_H_1980_2010/stdreg.asc
ncols 260
nrows 141
xllcorner -177.1999969482422
yllcorner 6.0
cellsize 0.5
NODATA_value -9999
[rows 60 to 89 of 141, columns 134 to 200 of 260]
17.5517 17.5203 17.51 17.5116 17.5078 17.5029 17.5015 17.5001 17.4989 17.4961 17.4925 17.4938 17.4924 17.4937 17.4921 17.4899 17.4885 17.4896 17.49 17.4901 17.4891 17.4869 17.4863 17.4897 17.4913 17.4962 17.4982 17.4969 17.4909 17.4874 17.4887 17.4893 17.492 17.4941 17.4971 17.4977 17.5009 17.5004 17.5024 17.5049 17.5078 17.5108 17.5136 17.5162 17.5192 17.5229 17.5272 17.5314 17.5356 17.5376 17.5411 17.5453 17.5469 17.5541 17.5564 17.5603 17.5639 17.5674 17.5717 17.5762 17.5803 17.5848 17.5893 17.5933 17.5977 17.6026 17.6066
17.5439 17.5202 17.5131 17.5084 17.5063 17.5037 17.5132 17.5024 17.5106 17.496 17.4933 17.4943 17.494 17.4932 17.4909 17.489 17.4887 17.4886 17.4874 17.489 17.4883 17.4868 17.4884 17.4904 17.4919 17.4863 17.4933 17.4939 17.4898 17.4852 17.487 17.4885 17.49 17.4942 17.4965 17.4959 17.4953 17.4969 17.4985 17.5004 17.503 17.5057 17.5089 17.5116 17.5169 17.5211 17.5264 17.5311 17.5352 17.537 17.5397 17.5435 17.5499 17.5559 17.5551 17.5563 17.5614 17.565 17.5686 17.5706 17.5752 17.5825 17.591 17.5929 17.5949 17.5956 17.6021
17.7466 17.6648 17.5068 17.6093 17.565 17.5163 17.5209 17.5062 17.5086 17.5001 17.5011 17.4973 17.4969 17.4925 17.4894 17.4879 17.4874 17.4868 17.4889 17.4862 17.485 17.4848 17.4897 17.4912 17.4875 17.4828 17.4824 17.4919 17.4911 17.4881 17.4858 17.4874 17.4894 17.4927 17.4931 17.4929 17.4933 17.495 17.4959 17.4963 17.4989 17.5014 17.5045 17.5083 17.517 17.5222 17.524 17.5383 17.5349 17.5343 17.5339 17.5358 17.54 17.5467 17.5559 17.561 17.559 17.5572 17.5656 17.5673 17.5686 17.5772 17.5805 17.5943 17.5881 17.5914 17.5937
17.8485 17.7144 17.5427 17.5383 17.5565 17.7716 17.513 17.5207 17.5137 17.5092 17.5047 17.5093 17.4923 17.4901 17.4879 17.4873 17.4871 17.4869 17.488 17.486 17.4838 17.4841 17.4884 17.4891 17.4856 17.4803 17.481 17.4808 17.4873 17.4863 17.4859 17.4866 17.4872 17.4883 17.4909 17.4882 17.4928 17.4937 17.4945 17.4935 17.4966 17.4987 17.5039 17.5082 17.5155 17.5156 17.5343 17.5304 17.522 17.5242 17.5265 17.531 17.5349 17.5421 17.5478 17.5495 17.5569 17.5559 17.555 17.5649 17.5629 17.5693 17.5725 17.576 17.5792 17.5833 17.5882
17.8837 17.7634 17.6184 17.5473 17.5345 17.564 17.7999 17.523 17.5204 17.5288 17.5138 17.5256 17.6073 17.5329 17.4864 17.4875 17.486 17.4846 17.4854 17.4853 17.4855 17.4831 17.4808 17.4871 17.4863 17.4797 17.4797 17.478 17.4767 17.4815 17.4842 17.4851 17.4849 17.4837 17.4829 17.4865 17.489 17.4894 17.4934 17.4924 17.4959 17.4959 17.5031 17.5071 17.5086 17.5173 17.5327 17.5275 17.5184 17.5173 17.5221 17.527 17.5329 17.5409 17.5431 17.5457 17.5479 17.5463 17.5517 17.5566 17.5576 17.5629 17.5655 17.57 17.5742 17.5813 17.5861
17.7861 17.7851 17.6912 17.5563 17.5442 17.5519 17.5916 17.5302 17.5431 17.534 17.5175 17.5088 17.538 17.5296 17.4888 17.4881 17.4873 17.4856 17.4834 17.4848 17.485 17.4864 17.4805 17.4821 17.4862 17.4814 17.4788 17.4772 17.4744 17.4757 17.4768 17.4798 17.4797 17.4784 17.4801 17.4806 17.4871 17.4861 17.4895 17.4885 17.4938 17.4979 17.4976 17.5028 17.5054 17.5185 17.5257 17.5149 17.5134 17.5147 17.5194 17.5283 17.5328 17.5373 17.5353 17.5421 17.546 17.5407 17.5457 17.5485 17.552 17.5625 17.5757 17.577 17.5822 17.5818 17.5874
17.7777 18.0558 17.5777 17.5629 17.5593 17.5799 17.5708 17.5605 17.5846 17.5359 17.5208 17.5083 17.5002 17.4956 17.4901 17.4907 17.4915 17.4846 17.4816 17.4804 17.4777 17.4759 17.4767 17.479 17.4795 17.4814 17.4829 17.4789 17.4759 17.4734 17.4745 17.4762 17.4773 17.4775 17.4782 17.4792 17.4818 17.4826 17.4882 17.4933 17.4909 17.4925 17.4969 17.4964 17.504 17.5141 17.5183 17.5169 17.5132 17.5121 17.5164 17.5234 17.5291 17.5291 17.5316 17.5372 17.5381 17.5371 17.5402 17.5441 17.5488 17.5616 17.5642 17.5634 17.5684 17.5738 17.5766
17.6512 17.758 17.8232 17.5834 17.6549 17.6554 17.6453 17.6188 17.6101 17.5443 17.536 17.5376 17.535 17.5017 17.5053 17.4977 17.4905 17.4864 17.4823 17.4798 17.4761 17.4744 17.4722 17.4761 17.4771 17.4779 17.4807 17.479 17.4753 17.4731 17.472 17.4746 17.4758 17.4747 17.4786 17.4813 17.48 17.4804 17.4872 17.4862 17.4873 17.491 17.4926 17.4938 17.4989 17.5107 17.5213 17.5164 17.5091 17.5102 17.512 17.5175 17.5213 17.5223 17.5297 17.5332 17.5337 17.5345 17.5377 17.5412 17.5474 17.552 17.5534 17.5548 17.5586 17.5659 17.5715
17.6577 17.6364 17.6727 17.6434 17.6489 17.6243 17.626 17.6554 17.661 17.6628 17.5327 17.5215 17.5262 17.5173 17.5069 17.4982 17.496 17.4898 17.4843 17.4787 17.4753 17.4731 17.4708 17.4703 17.4712 17.4732 17.4734 17.4758 17.4757 17.47 17.4703 17.4747 17.4743 17.4746 17.4769 17.4797 17.4817 17.4814 17.4841 17.4865 17.4863 17.4888 17.4922 17.4926 17.4974 17.5056 17.5135 17.5095 17.5038 17.5054 17.5081 17.5108 17.5145 17.5219 17.5256 17.5286 17.5327 17.5351 17.538 17.5414 17.5448 17.5425 17.5507 17.5569 17.5589 17.5648 17.5642
17.6224 17.6486 17.652 17.6409 17.6362 17.6408 17.6217 17.6687 17.6455 17.6312 17.5729 17.5388 17.5188 17.5046 17.5041 17.499 17.4968 17.4905 17.4852 17.4793 17.4742 17.4726 17.4707 17.471 17.4693 17.4703 17.4714 17.473 17.4778 17.4718 17.468 17.4722 17.4748 17.4764 17.4772 17.4788 17.482 17.4849 17.4864 17.4897 17.4905 17.4892 17.4867 17.4936 17.4958 17.4998 17.5041 17.4994 17.5013 17.5029 17.5043 17.5084 17.5142 17.5214 17.5239 17.527 17.5299 17.5317 17.5287 17.5317 17.5351 17.541 17.5479 17.5552 17.5582 17.5584 17.5678
17.6562 17.6433 17.704 17.65 17.6402 17.6928 17.8402 17.7475 17.6658 17.7737 17.6144 17.5623 17.5334 17.5181 17.5076 17.4975 17.4931 17.4878 17.4838 17.4817 17.4766 17.4736 17.4727 17.4744 17.4738 17.4694 17.4688 17.4761 17.4749 17.4736 17.4695 17.4685 17.4733 17.4755 17.4789 17.4791 17.4832 17.4854 17.4897 17.4866 17.4843 17.4888 17.492 17.494 17.4946 17.4963 17.4973 17.4984 17.4985 17.5007 17.5043 17.5086 17.5116 17.5152 17.517 17.5184 17.5212 17.523 17.5261 17.5294 17.5311 17.5361 17.5429 17.5473 17.5462 17.5508 17.5544
18.0481 17.7481 17.6774 17.6056 17.6431 17.6705 17.6896 17.7337 17.9961 17.6989 17.5459 17.5424 17.5307 17.5161 17.5069 17.4999 17.4941 17.4882 17.4846 17.482 17.477 17.4745 17.4733 17.4728 17.473 17.4709 17.472 17.4752 17.4739 17.4774 17.4735 17.4685 17.4728 17.4727 17.4736 17.4773 17.4828 17.4828 17.484 17.4849 17.4852 17.4862 17.488 17.4902 17.4928 17.4929 17.4945 17.4969 17.4982 17.4992 17.5018 17.5049 17.5054 17.5095 17.5109 17.5114 17.5173 17.5194 17.522 17.5253 17.5286 17.5313 17.5367 17.5417 17.5423 17.5465 17.553
17.5785 17.5779 17.5994 17.5809 17.7254 17.6945 17.6979 17.691 17.8127 17.7135 17.5327 17.5322 17.5245 17.5235 17.5159 17.5024 17.4943 17.49 17.4851 17.4829 17.4791 17.4777 17.4747 17.4755 17.4749 17.4739 17.4736 17.4703 17.4752 17.4799 17.4742 17.4761 17.4735 17.4742 17.4723 17.4757 17.4828 17.4885 17.4835 17.4864 17.4901 17.4902 17.4869 17.4871 17.4891 17.4914 17.4912 17.4911 17.494 17.4952 17.4962 17.5003 17.5016 17.505 17.51 17.5102 17.514 17.5162 17.5183 17.5215 17.5273 17.5286 17.5356 17.5386 17.5394 17.547 17.5529
17.5736 17.6233 17.637 17.7381 17.7027 17.9686 17.6529 17.8754 18.1355 17.8971 17.5472 17.5606 17.5402 17.5392 17.5248 17.5101 17.4987 17.4946 17.4864 17.4809 17.4797 17.4826 17.4858 17.4805 17.4822 17.4783 17.4743 17.4739 17.4709 17.4716 17.4774 17.4727 17.4742 17.4798 17.4762 17.4754 17.4808 17.4815 17.4812 17.4867 17.4842 17.4887 17.4858 17.4878 17.489 17.4909 17.4888 17.4908 17.493 17.4924 17.4964 17.4984 17.5024 17.5027 17.5108 17.5099 17.5118 17.5151 17.5153 17.5182 17.5223 17.5324 17.5435 17.5335 17.5366 17.54 17.5455
17.6101 17.6295 17.5677 17.625 17.6065 17.8101 17.771 18.1493 17.8842 18.1596 17.6229 17.6273 17.576 17.5506 17.5346 17.5203 17.5084 17.4964 17.4894 17.4848 17.4842 17.4857 17.4872 17.4856 17.4838 17.4783 17.4786 17.4748 17.4763 17.4765 17.4723 17.4748 17.4791 17.4777 17.4775 17.4753 17.4769 17.4794 17.4814 17.4861 17.4867 17.4862 17.4873 17.4877 17.4892 17.492 17.4911 17.4889 17.4947 17.4923 17.4945 17.5025 17.4987 17.5011 17.5043 17.5095 17.5113 17.5153 17.5146 17.5162 17.5206 17.5441 17.5258 17.5324 17.5402 17.548 17.5458
17.5857 17.5811 17.5862 17.6703 17.5672 17.7046 17.8276 18.0738 17.8953 17.8464 17.8856 17.5703 17.5642 17.5463 17.5289 17.5241 17.5097 17.4997 17.4923 17.4895 17.4899 17.491 17.4907 17.4863 17.4799 17.4813 17.4761 17.4691 17.4709 17.4717 17.4731 17.4712 17.4742 17.4748 17.4778 17.4808 17.4803 17.4846 17.4778 17.4856 17.486 17.489 17.4868 17.4903 17.49 17.4918 17.4921 17.4905 17.4929 17.4925 17.4953 17.4961 17.498 17.5015 17.5056 17.5078 17.5129 17.51 17.511 17.5135 17.5229 17.5339 17.5263 17.5334 17.539 17.5457 17.5525
17.589 17.6109 17.5768 17.6012 17.8226 17.9261 17.9145 17.808 17.7238 17.7067 17.5691 17.543 17.543 17.5344 17.5303 17.5164 17.5116 17.5035 17.4975 17.4932 17.4943 17.4942 17.4907 17.4858 17.4799 17.4782 17.4763 17.4691 17.4722 17.4713 17.4735 17.4769 17.4745 17.4766 17.4781 17.481 17.4773 17.4764 17.4818 17.4866 17.4896 17.4873 17.4888 17.492 17.4928 17.4929 17.4916 17.4921 17.4879 17.4937 17.494 17.4943 17.4958 17.4994 17.501 17.5045 17.5064 17.506 17.5075 17.5411 17.5387 17.54 17.5227 17.5348 17.5365 17.5441 17.5529
17.7624 17.6372 17.6318 17.7011 18.0734 18.1735 17.9837 17.7246 17.6956 17.9781 17.6066 17.5956 17.5521 17.5424 17.5336 17.5242 17.5133 17.5074 17.5036 17.4976 17.4954 17.4924 17.4866 17.4836 17.4837 17.4826 17.4781 17.4692 17.4758 17.4753 17.4741 17.4743 17.4734 17.4709 17.4699 17.4727 17.4721 17.4703 17.468 17.4758 17.4818 17.49 17.4882 17.4914 17.4912 17.4922 17.494 17.4896 17.4883 17.4922 17.492 17.4927 17.4954 17.494 17.4967 17.4995 17.4998 17.5058 17.5242 17.5129 17.5202 17.5199 17.527 17.5336 17.5408 17.5432 17.5495
17.6066 17.5903 17.595 17.675 17.6604 17.7355 17.669 17.8196 17.69 17.7282 17.7174 17.5816 17.5645 17.5783 17.5437 17.5237 17.5142 17.51 17.5067 17.5004 17.499 17.501 17.4904 17.4879 17.4869 17.4844 17.4807 17.4778 17.4783 17.4766 17.4761 17.4729 17.4673 17.4664 17.4624 17.4651 17.4657 17.4701 17.4769 17.4824 17.4844 17.4906 17.4921 17.4924 17.4872 17.4905 17.4905 17.4906 17.4914 17.4924 17.492 17.4915 17.4906 17.4905 17.4935 17.4958 17.4999 17.513 17.507 17.5086 17.5111 17.5183 17.527 17.5299 17.5372 17.5435 17.5466
17.6057 17.6196 17.5977 17.6001 17.5989 17.6347 17.7227 17.7421 17.7267 17.8892 17.6916 17.5904 17.6336 17.5647 17.5402 17.5216 17.5145 17.5142 17.513 17.5029 17.4991 17.498 17.498 17.4945 17.4918 17.4888 17.4828 17.48 17.4862 17.4841 17.4798 17.4688 17.4628 17.4697 17.4753 17.4672 17.4711 17.4738 17.4857 17.4882 17.492 17.4925 17.4896 17.4898 17.4931 17.489 17.4906 17.4884 17.4889 17.4907 17.4897 17.4878 17.4912 17.491 17.4912 17.4947 17.4985 17.5251 17.5055 17.519 17.5121 17.5173 17.5278 17.5318 17.5362 17.5435 17.5453
17.6662 17.6371 17.8166 17.6127 17.637 17.6658 17.6794 17.6093 17.6242 17.9959 17.6784 17.5793 17.5866 17.5555 17.536 17.5245 17.5159 17.5145 17.5102 17.505 17.4991 17.4945 17.5025 17.5021 17.4985 17.4879 17.4854 17.4834 17.4894 17.4844 17.4713 17.4685 17.4679 17.4612 17.4708 17.4854 17.479 17.4834 17.4931 17.4878 17.4945 17.4936 17.4928 17.4882 17.4909 17.4861 17.4905 17.4901 17.4909 17.4857 17.4855 17.4921 17.4909 17.4911 17.4939 17.4952 17.5086 17.5025 17.5047 17.5087 17.5128 17.5191 17.5219 17.5313 17.5355 17.5426 17.545
17.6587 17.6608 17.6888 17.6688 17.6478 17.6344 17.6137 17.6677 17.6565 17.7527 17.6235 17.5826 17.5671 17.5498 17.5332 17.523 17.518 17.5165 17.5096 17.5047 17.4998 17.4988 17.4988 17.497 17.5044 17.4912 17.4889 17.491 17.4844 17.4915 17.485 17.4703 17.4628 17.4591 17.4616 17.4681 17.4698 17.4921 17.495 17.4962 17.4955 17.4899 17.4909 17.4895 17.4891 17.4874 17.4886 17.4884 17.4841 17.4808 17.486 17.4919 17.4901 17.488 17.5367 17.5037 17.4959 17.4991 17.5047 17.5125 17.519 17.5181 17.5283 17.5343 17.5369 17.5414 17.5434
17.6292 17.6369 17.6697 17.7161 17.6523 17.7267 17.5848 17.7499 17.6201 17.6249 17.5702 17.5567 17.5536 17.5361 17.5312 17.5283 17.521 17.517 17.5101 17.5055 17.5062 17.5033 17.5051 17.504 17.5045 17.4947 17.493 17.49 17.4899 17.4855 17.4902 17.4889 17.486 17.4671 17.4942 17.4943 17.4895 17.4971 17.497 17.4972 17.4936 17.4925 17.4919 17.4901 17.4908 17.4885 17.4861 17.4902 17.4798 17.4922 17.4888 17.4873 17.5186 17.51 17.5563 17.5107 17.499 17.505 17.5085 17.515 17.52 17.5211 17.5295 17.5325 17.5341 17.5392 17.5414
17.6214 17.6357 17.6735 17.6941 17.6796 17.6167 17.5909 17.6159 17.6057 17.6185 17.5804 17.5584 17.5578 17.5471 17.5377 17.5302 17.5251 17.5198 17.5241 17.5197 17.5198 17.5203 17.5132 17.5113 17.5053 17.5045 17.491 17.4956 17.4923 17.4781 17.488 17.4626 17.4755 17.4819 17.4848 17.4891 17.4983 17.4989 17.4994 17.498 17.4981 17.4891 17.4932 17.4912 17.4888 17.4924 17.4912 17.4844 17.4948 17.4847 17.4929 17.4853 17.5046 17.5047 17.5046 17.4981 17.5042 17.5129 17.5149 17.514 17.5237 17.5271 17.5313 17.534 17.5368 17.5389 17.5418
17.6681 17.6922 17.7251 17.7321 17.7343 17.722 17.5946 17.6112 17.6302 17.6299 17.5783 17.5616 17.5573 17.5455 17.5387 17.5347 17.5294 17.5242 17.5239 17.5275 17.5272 17.5248 17.5283 17.5252 17.5243 17.5164 17.5064 17.4994 17.4969 17.4969 17.4859 17.4814 17.4833 17.4946 17.5007 17.4992 17.5003 17.5007 17.5022 17.5013 17.4985 17.4925 17.4952 17.4966 17.4873 17.4869 17.4858 17.4917 17.4913 17.4952 17.4932 17.4875 17.4895 17.4939 17.4987 17.5058 17.5114 17.5105 17.5136 17.5209 17.5264 17.5333 17.5322 17.534 17.5368 17.5392 17.5429
17.6296 17.7115 17.7702 17.7652 17.7094 17.7213 17.5862 17.5983 17.6033 17.616 17.5704 17.5665 17.5625 17.5534 17.5432 17.5392 17.5353 17.5312 17.5232 17.5301 17.5341 17.5362 17.5274 17.5249 17.5187 17.5041 17.5033 17.5051 17.5033 17.5011 17.5011 17.501 17.5033 17.5014 17.5016 17.5001 17.5032 17.5035 17.5039 17.5046 17.4968 17.4981 17.4992 17.502 17.4937 17.4931 17.4978 17.4878 17.4932 17.4865 17.4849 17.4884 17.4937 17.4985 17.5024 17.5098 17.5139 17.51 17.5165 17.5233 17.5292 17.5307 17.5331 17.5346 17.5382 17.5407 -9999.0
17.6123 17.6046 17.5939 17.7398 17.7158 17.5938 17.6008 17.5844 17.6048 17.654 17.5709 17.5708 17.5671 17.5572 17.5483 17.5448 17.5412 17.5395 17.5448 17.5422 17.5399 17.5301 17.5286 17.5158 17.5202 17.5135 17.5194 17.513 17.5067 17.5058 17.5032 17.5037 17.5071 17.503 17.5011 17.5043 17.5052 17.5067 17.5069 17.5061 17.4967 17.4931 17.4933 17.5013 17.5021 17.5005 17.4965 17.4969 17.4869 17.4886 17.4913 17.4931 17.4982 17.5056 17.5092 17.5105 17.5186 17.5215 17.5251 17.5268 17.529 17.5308 17.5327 -9999.0 -9999.0 -9999.0 -9999.0
17.7866 17.6169 17.611 17.6212 17.6429 17.6012 17.6051 17.5906 17.5926 17.6507 17.5746 17.5732 17.5745 17.5639 17.557 17.5547 17.5535 17.5536 17.5483 17.5461 17.5407 17.5259 17.5274 17.5188 17.5273 17.5272 17.5337 17.5266 17.5145 17.5112 17.507 17.5114 17.5105 17.5095 17.5055 17.5068 17.51 17.5091 17.5084 17.504 17.5015 17.4987 17.4926 17.5018 17.5063 17.4991 17.4967 17.4964 17.4948 17.4912 17.4956 17.4964 17.4996 17.5089 17.5187 17.5184 17.5256 17.5284 17.5282 17.5278 17.5303 17.5334 -9999.0 -9999.0 -9999.0 -9999.0 -9999.0
17.6116 17.6195 17.6171 17.6132 17.6119 17.6095 17.6091 17.6016 17.6028 17.5951 17.5943 17.5748 17.5827 17.5713 17.5672 17.5647 17.5665 17.5601 17.5636 17.5413 17.5328 17.5333 17.5223 17.5184 17.5232 17.5304 17.5285 17.5324 17.5234 17.5177 17.5109 17.5107 17.5071 17.5137 17.5078 17.5091 17.514 17.512 17.5109 17.5045 17.4979 17.499 17.5001 17.4988 17.5094 17.5049 17.5034 17.5064 17.5039 17.5032 17.5079 17.4998 17.5068 17.515 17.5174 17.5184 17.526 17.5286 17.5284 17.5303 17.5327 -9999.0 -9999.0 -9999.0 -9999.0 -9999.0 -9999.0
17.6254 17.6289 17.6421 17.6181 17.6227 17.6239 17.6224 17.6167 17.6201 17.5982 17.594 17.5822 17.5856 17.5887 17.5857 17.5754 17.5761 17.5669 17.5575 17.5507 17.5586 17.5429 17.54 17.5247 17.5303 17.5383 17.5437 17.5334 17.5278 17.5159 17.5216 17.5134 17.5113 17.5075 17.516 17.5145 17.5138 17.5168 17.5059 17.5032 17.5031 17.5018 17.5044 17.5019 17.5085 17.5073 17.5018 17.5027 17.5015 17.5025 17.5027 17.5076 17.5104 17.5113 17.5143 17.5198 17.5245 17.5296 17.5312 -9999.0 -9999.0 -9999.0 -9999.0 -9999.0 -9999.0 -9999.0 -9999.0
