146	5
52897.6	9.29765	-0.112577	-0.0174151	-0.0262588	-0.000197847	
9.29765	0.110622	-0.000297004	-1.12615e-05	-1.47686e-05	-4.89376e-06	
-0.112577	-0.000297004	1.4536e-06	2.91078e-08	6.11247e-08	4.57412e-09	
-0.0174151	-1.12615e-05	2.91078e-08	9.23293e-09	3.05269e-09	-3.35519e-10	
-0.0262588	-1.47686e-05	6.11247e-08	3.05269e-09	9.5122e-09	-7.37135e-10	
-0.000197847	-4.89376e-06	4.57412e-09	-3.35519e-10	-7.37135e-10	6.24826e-10	
