146	5
0.918094	1773.55	1
84389.7	-22.826	0.00133329	-0.01056	-0.0246383	0.000649583	
-22.826	0.720351	-4.54225e-05	-1.49593e-06	-8.45141e-05	-2.39332e-05	
0.00133329	-4.54225e-05	2.83215e-07	-2.1067e-09	6.43634e-09	4.68617e-10	
-0.01056	-1.49593e-06	-2.1067e-09	2.68017e-09	1.12501e-10	2.88073e-11	
-0.0246383	-8.45141e-05	6.43634e-09	1.12501e-10	4.26842e-08	6.88633e-10	
0.000649583	-2.39332e-05	4.68617e-10	2.88073e-11	6.88633e-10	1.65778e-09	
