ux = -30.899999618530273
lx = -176.5
ly = 3.5
uy = 78.9000015258789
cellX = 0.5
cellY = -0.5
