setup_data/66098_caitjcampbell_JJA_NoAm_Map_1980_2009/66098_caitjcampbell_JJA_NoAm_Map_1980_2009/predkrig.asc
ncols 291
nrows 150
xllcorner -176.5
yllcorner 3.9000015258789062
cellsize 0.5
NODATA_value -9999
[rows 87 to 115 of 150, columns 130 to 194 of 291]
-42.7499 -39.3895 -40.9901 -42.0112 -44.3904 -44.5179 -51.0198 -47.3724 -43.4509 -39.0324 -43.7004 -44.0774 -40.065 -37.4401 -35.6931 -34.2989 -33.5367 -33.8353 -32.83 -31.6752 -30.2654 -28.6103 -26.4368 -25.3404 -24.6121 -23.6447 -22.8177 -23.0026 -22.0329 -21.0676 -20.7275 -20.2141 -19.5513 -19.1494 -19.8982 -19.2816 -18.6956 -18.4608 -18.9328 -18.2111 -18.286 -19.0076 -18.6133 -19.1351 -19.9677 -19.9856 -20.5606 -21.8801 -21.9027 -21.3709 -22.4614 -22.3032 -21.7952 -22.2473 -24.8835 -33.2306 -32.0312 -29.6904 -23.0097 -22.8009 -22.4916 -22.3462 -21.3934 -22.1164 -21.8029
-44.6701 -42.2466 -40.8862 -39.3971 -40.6448 -44.6687 -44.5663 -45.1897 -40.2906 -36.5424 -40.8685 -40.8884 -39.2362 -35.8401 -34.1907 -34.522 -34.103 -32.5043 -31.5715 -30.4864 -26.9352 -25.6996 -24.9372 -23.8762 -22.9734 -22.8279 -22.1479 -21.852 -21.0357 -21.6756 -19.7265 -20.5159 -19.5959 -20.2066 -21.0298 -19.7998 -19.4348 -18.9425 -18.0656 -18.0269 -18.0633 -18.3524 -18.4875 -19.4487 -19.6207 -20.3361 -20.4509 -20.7228 -20.9202 -21.0409 -21.8173 -24.4758 -23.1066 -21.7315 -27.3723 -26.7452 -21.9793 -21.9322 -21.871 -20.9679 -20.9972 -21.3989 -20.5758 -20.0102 -20.1323
-34.1677 -39.5647 -39.6154 -47.3607 -43.1073 -44.0867 -45.8085 -42.2547 -40.392 -37.4603 -39.8851 -41.0047 -36.7812 -33.6106 -31.9366 -33.003 -31.4859 -31.16 -30.2567 -29.4451 -28.6781 -25.8516 -24.3556 -22.9894 -22.1224 -21.4129 -20.9477 -20.784 -20.5486 -20.1433 -19.6352 -19.1141 -18.9745 -19.2299 -18.7135 -18.6991 -18.1332 -18.3832 -17.8571 -17.7777 -17.9169 -17.9335 -18.139 -18.9724 -19.4237 -19.126 -20.0335 -20.9873 -20.867 -21.2067 -22.4254 -20.7873 -22.0332 -21.8938 -22.4276 -21.8576 -21.338 -20.498 -20.6578 -20.4303 -19.9203 -19.226 -19.195 -18.9584 -18.8882
-28.3135 -33.9456 -38.0361 -43.3981 -44.3366 -42.1166 -43.3799 -40.9399 -35.0832 -33.3762 -35.5707 -37.9448 -36.7036 -31.2449 -30.9501 -32.3716 -31.1905 -30.1007 -29.0689 -28.2243 -27.6392 -25.0952 -23.4329 -22.1094 -22.0682 -21.2027 -20.9486 -21.1316 -19.9748 -19.7516 -19.2309 -18.9484 -18.3615 -17.9267 -17.7678 -17.6551 -17.674 -17.3102 -17.6899 -17.7058 -17.6034 -17.7482 -17.9274 -18.5931 -19.5437 -18.8212 -19.4252 -20.117 -19.739 -21.2106 -20.666 -20.8669 -22.631 -21.3493 -21.5699 -21.2261 -20.2995 -19.9112 -19.1363 -19.3848 -18.9913 -18.6626 -18.2574 -18.1634 -18.06
-26.9366 -29.7507 -29.8016 -33.7894 -37.4033 -35.2311 -37.9141 -38.6572 -31.8983 -36.2964 -30.3979 -42.1899 -36.4696 -30.1113 -28.6304 -31.4351 -29.9797 -28.9595 -27.9781 -27.3614 -25.1711 -24.2362 -23.2118 -22.5236 -22.0872 -20.9939 -21.3174 -19.8628 -19.5009 -19.1861 -18.6996 -18.3416 -18.275 -17.7235 -17.5783 -17.2187 -17.4408 -17.423 -17.0376 -17.4122 -17.3787 -17.5224 -17.7725 -18.7722 -19.4112 -18.7846 -18.7415 -19.3254 -20.0254 -20.4204 -21.0072 -21.5835 -20.9792 -21.1314 -20.8818 -19.6567 -19.2497 -19.009 -18.9458 -17.8823 -17.9045 -17.5308 -17.4593 -17.3233 -17.2232
-27.5278 -31.8531 -34.1377 -29.3994 -31.9243 -31.6442 -34.4639 -35.9979 -30.8652 -30.9918 -29.6968 -39.9414 -36.9666 -30.125 -28.2481 -28.6978 -28.8006 -27.9238 -26.8506 -26.2535 -24.8157 -24.8925 -23.2344 -22.4828 -21.3239 -22.0828 -19.8418 -20.6012 -18.9115 -18.3626 -18.1811 -17.7296 -17.7495 -17.3605 -17.1239 -16.85 -17.4139 -17.0675 -16.7996 -16.9851 -17.1231 -17.3908 -17.9123 -18.4923 -19.196 -18.9504 -18.4364 -18.4404 -18.6552 -19.1954 -19.2878 -20.0146 -20.1479 -20.2568 -19.4263 -19.1275 -18.7513 -18.3789 -18.0605 -17.548 -17.0563 -16.7716 -16.5738 -16.5723 -9999.0
-27.8542 -28.793 -33.8218 -31.6811 -30.3042 -33.8955 -31.5376 -30.6169 -30.5933 -29.1951 -30.0461 -32.725 -30.2308 -35.9858 -27.3269 -28.0275 -27.2189 -27.504 -26.5709 -25.2561 -24.842 -23.9256 -24.1609 -23.0202 -22.5547 -21.3456 -20.9426 -19.3397 -18.8166 -17.8904 -17.4225 -17.8546 -17.3522 -17.5658 -16.7422 -16.8119 -16.7485 -16.9625 -16.7997 -16.7403 -16.934 -17.75 -17.9062 -18.3571 -18.6833 -18.5965 -18.4458 -18.7724 -18.0871 -18.5769 -18.8174 -19.1937 -18.458 -18.9096 -18.7729 -18.3376 -18.0821 -17.432 -17.1145 -16.7814 -16.2779 -16.0855 -16.0266 -9999.0 -9999.0
-32.2091 -33.9767 -32.1273 -31.4112 -32.9625 -35.9034 -30.8004 -30.9502 -30.104 -30.3091 -29.3835 -33.3053 -30.3017 -33.8629 -28.775 -26.214 -25.8962 -26.017 -26.3722 -25.6903 -25.3673 -23.7132 -22.7902 -21.9802 -21.2919 -21.3496 -20.3419 -19.7489 -17.6763 -17.8558 -17.4777 -16.6504 -16.8652 -17.1677 -17.0197 -16.7265 -16.7148 -16.5104 -16.8033 -16.5032 -17.4768 -17.7325 -17.9175 -18.3126 -18.1635 -18.1125 -17.861 -17.9894 -18.6067 -18.1589 -18.4377 -18.2876 -18.3247 -17.8328 -17.5203 -17.7866 -17.407 -17.0584 -16.5482 -15.9696 -15.6824 -9999.0 -9999.0 -9999.0 -9999.0
-32.0075 -33.2239 -34.0232 -32.1799 -29.6419 -35.4444 -32.0324 -35.4014 -30.4687 -30.3217 -33.5866 -28.8056 -31.5303 -29.5296 -30.4471 -26.9093 -26.1465 -25.1886 -25.0757 -25.8837 -25.4882 -24.5068 -24.1832 -23.1587 -21.8587 -21.1833 -20.2397 -18.9023 -17.7314 -17.1576 -16.9606 -16.1524 -16.5609 -16.2138 -16.1091 -16.663 -16.7039 -16.5704 -16.2569 -16.3598 -17.1276 -17.542 -17.7633 -17.3369 -17.6952 -17.4815 -17.8935 -17.353 -17.373 -17.7241 -17.5769 -17.5229 -17.1492 -16.8388 -16.8753 -16.9395 -16.5663 -16.2835 -15.9386 -15.4045 -15.1796 -9999.0 -9999.0 -9999.0 -9999.0
-29.0841 -34.0316 -31.9909 -34.0497 -36.1923 -38.5523 -34.4213 -36.5519 -31.8692 -31.9879 -31.5494 -32.8497 -30.672 -31.7763 -39.0018 -33.5988 -29.153 -28.5845 -26.1197 -24.7693 -24.6483 -24.3581 -24.5687 -23.4349 -20.7968 -21.0017 -18.9899 -18.6458 -17.0692 -16.8754 -16.2704 -16.5189 -16.2707 -16.1816 -15.9421 -15.7933 -16.0003 -15.9742 -16.0647 -16.1686 -16.4266 -16.5624 -16.8239 -16.8444 -16.9445 -16.9124 -16.9388 -17.1175 -16.617 -16.8404 -16.8674 -16.3429 -16.7823 -16.8331 -15.9988 -15.8973 -15.8218 -15.548 -15.4013 -14.9531 -14.6735 -9999.0 -9999.0 -9999.0 -9999.0
-28.4082 -29.4668 -29.223 -29.3542 -30.3416 -40.9377 -41.8578 -34.3469 -34.1847 -35.1103 -33.5534 -32.8202 -32.5719 -28.5569 -34.538 -34.8174 -31.3089 -29.4362 -25.6698 -23.9321 -23.6473 -23.5484 -24.2732 -23.7991 -22.7281 -21.8672 -20.7486 -17.7296 -17.0565 -16.7802 -16.1208 -15.9415 -15.6102 -15.5014 -15.4259 -15.4623 -15.5667 -15.6321 -15.7853 -15.8636 -16.0094 -16.1082 -16.1464 -16.2177 -16.2628 -16.2777 -16.2709 -16.2338 -16.1661 -16.064 -15.9262 -15.7281 -15.7302 -15.5867 -15.1876 -15.1641 -15.0043 -15.0211 -14.9081 -14.3245 -14.1864 -9999.0 -9999.0 -9999.0 -9999.0
-27.2898 -26.8521 -29.248 -28.7637 -28.3148 -34.9015 -42.9999 -41.3342 -44.0499 -39.0784 -36.1549 -34.174 -36.3468 -29.3804 -28.9232 -30.4712 -27.5727 -23.9622 -25.51 -23.3765 -21.8194 -22.3225 -22.9253 -22.5674 -21.8018 -20.5906 -18.475 -17.1956 -16.5655 -16.5956 -15.7422 -15.4559 -15.3247 -15.2053 -15.2916 -15.3399 -15.435 -15.5601 -15.5212 -15.6955 -15.8379 -15.9195 -15.9778 -16.0165 -16.0494 -9999.0 -9999.0 -9999.0 -9999.0 -9999.0 -9999.0 -9999.0 -15.183 -14.982 -14.8161 -14.6266 -14.6655 -14.4828 -14.2651 -14.1529 -13.7399 -9999.0 -9999.0 -9999.0 -9999.0
-23.5489 -24.5894 -31.7853 -24.7588 -25.5804 -33.6313 -46.4525 -46.2818 -42.3003 -42.6186 -37.1692 -33.6739 -32.2229 -32.7535 -33.9257 -27.343 -27.6065 -36.6981 -33.8536 -27.1104 -22.1683 -20.229 -20.2411 -19.6901 -18.9828 -18.393 -17.4585 -17.1092 -16.5084 -15.8656 -15.6062 -15.4166 -15.2796 -15.274 -9999.0 -9999.0 -9999.0 -9999.0 -9999.0 -9999.0 -15.7674 -15.7984 -15.8176 -15.8848 -15.8868 -9999.0 -9999.0 -9999.0 -9999.0 -9999.0 -9999.0 -9999.0 -9999.0 -9999.0 -9999.0 -9999.0 -14.0428 -13.8679 -13.9207 -13.8523 -13.3732 -13.0691 -9999.0 -9999.0 -9999.0
-22.8905 -24.5932 -25.96 -31.353 -34.0956 -32.4976 -46.9585 -44.053 -44.7025 -44.9278 -38.2856 -33.5646 -36.3254 -34.7018 -35.8043 -36.1576 -29.1758 -30.532 -28.8299 -27.0385 -23.4214 -20.8732 -20.082 -19.0835 -18.5763 -18.0627 -17.2883 -17.1761 -16.2184 -15.7557 -15.5085 -15.4327 -15.4065 -9999.0 -9999.0 -9999.0 -9999.0 -9999.0 -9999.0 -9999.0 -9999.0 -9999.0 -9999.0 -9999.0 -9999.0 -9999.0 -9999.0 -9999.0 -9999.0 -9999.0 -9999.0 -9999.0 -9999.0 -9999.0 -9999.0 -9999.0 -9999.0 -13.4411 -13.4296 -13.4255 -12.9745 -12.571 -9999.0 -9999.0 -9999.0
-23.3349 -22.7365 -24.1572 -23.4225 -29.1666 -38.7263 -42.3719 -49.2723 -45.836 -45.2476 -37.2367 -34.8692 -35.6733 -36.3617 -35.382 -33.9788 -31.0716 -33.0304 -31.5971 -24.5707 -23.0274 -22.6129 -20.0714 -19.4561 -18.5276 -17.7306 -17.611 -16.7924 -16.211 -15.9263 -15.796 -9999.0 -9999.0 -9999.0 -9999.0 -9999.0 -9999.0 -9999.0 -9999.0 -9999.0 -9999.0 -9999.0 -9999.0 -9999.0 -9999.0 -9999.0 -9999.0 -9999.0 -9999.0 -9999.0 -9999.0 -9999.0 -9999.0 -9999.0 -9999.0 -9999.0 -9999.0 -13.1091 -13.0526 -13.0044 -12.5432 -12.1701 -9999.0 -9999.0 -9999.0
-22.5337 -22.4023 -22.5965 -24.6457 -25.1852 -29.962 -42.5468 -46.229 -43.9103 -43.8227 -41.1006 -38.2191 -34.9721 -35.7216 -36.2548 -34.5961 -32.2546 -40.2803 -36.1217 -27.2937 -23.2246 -21.5784 -20.7913 -19.4985 -19.4687 -19.7236 -17.8563 -16.8696 -16.4784 -9999.0 -9999.0 -9999.0 -9999.0 -9999.0 -9999.0 -9999.0 -9999.0 -9999.0 -9999.0 -9999.0 -9999.0 -9999.0 -9999.0 -9999.0 -9999.0 -9999.0 -9999.0 -9999.0 -9999.0 -9999.0 -9999.0 -9999.0 -9999.0 -9999.0 -9999.0 -9999.0 -9999.0 -12.7207 -12.7388 -12.4998 -12.0955 -11.6852 -11.3388 -9999.0 -9999.0
-9999.0 -22.6918 -22.6539 -22.8912 -24.7011 -37.7929 -37.3987 -34.9364 -47.1511 -45.4839 -40.2825 -40.5986 -37.4564 -37.068 -40.9563 -34.9259 -32.5571 -40.277 -29.624 -25.9569 -23.6515 -22.5135 -20.863 -19.7843 -19.6735 -19.5449 -17.9231 -17.2677 -16.8964 -9999.0 -9999.0 -9999.0 -9999.0 -9999.0 -9999.0 -9999.0 -9999.0 -9999.0 -9999.0 -9999.0 -9999.0 -9999.0 -9999.0 -9999.0 -9999.0 -9999.0 -9999.0 -9999.0 -9999.0 -9999.0 -9999.0 -9999.0 -9999.0 -9999.0 -9999.0 -9999.0 -9999.0 -12.3966 -12.1571 -11.8848 -11.4863 -11.0637 -10.9218 -9999.0 -9999.0
-9999.0 -9999.0 -9999.0 -22.9146 -23.427 -25.072 -30.6911 -32.5067 -33.7095 -50.0619 -41.7933 -44.5108 -39.4119 -38.6694 -34.4188 -33.8846 -32.7254 -34.4533 -29.0371 -39.8966 -32.4921 -25.6214 -22.9487 -20.4632 -19.3106 -19.7898 -18.1876 -17.72 -17.3466 -9999.0 -9999.0 -9999.0 -9999.0 -9999.0 -9999.0 -9999.0 -9999.0 -9999.0 -9999.0 -9999.0 -9999.0 -9999.0 -9999.0 -9999.0 -9999.0 -9999.0 -9999.0 -9999.0 -9999.0 -9999.0 -9999.0 -9999.0 -9999.0 -9999.0 -9999.0 -9999.0 -9999.0 -9999.0 -11.7114 -11.3488 -11.015 -10.6169 -10.3533 -9999.0 -9999.0
-23.1985 -9999.0 -9999.0 -9999.0 -23.4427 -24.1834 -28.1044 -34.0333 -38.3862 -45.9553 -53.5413 -42.3945 -45.032 -40.4205 -36.8845 -33.5264 -33.6693 -34.6602 -35.3965 -33.1401 -30.0738 -30.3685 -24.7723 -22.985 -20.0568 -19.306 -18.6757 -18.2533 -17.829 -9999.0 -9999.0 -9999.0 -9999.0 -9999.0 -9999.0 -9999.0 -9999.0 -9999.0 -9999.0 -9999.0 -9999.0 -9999.0 -9999.0 -9999.0 -9999.0 -9999.0 -9999.0 -9999.0 -9999.0 -9999.0 -9999.0 -9999.0 -9999.0 -9999.0 -9999.0 -9999.0 -9999.0 -9999.0 -11.3838 -10.9724 -10.5504 -10.116 -9.78505 -9999.0 -9999.0
-26.658 -23.3734 -9999.0 -9999.0 -23.4415 -23.4903 -23.8794 -26.1183 -36.5863 -35.9762 -47.6028 -46.7715 -40.4442 -43.8941 -42.1873 -35.8836 -35.0872 -33.1689 -33.8155 -33.4574 -36.5895 -36.5398 -29.5725 -22.1541 -21.0068 -21.3448 -19.464 -18.721 -18.3736 -9999.0 -9999.0 -9999.0 -9999.0 -9999.0 -9999.0 -9999.0 -9999.0 -9999.0 -9999.0 -9999.0 -9999.0 -9999.0 -9999.0 -9999.0 -9999.0 -9999.0 -9999.0 -9999.0 -9999.0 -9999.0 -9999.0 -9999.0 -9999.0 -9999.0 -9999.0 -9999.0 -9999.0 -9999.0 -9999.0 -10.5853 -10.0597 -9.61939 -9.19058 -9999.0 -9999.0
-26.2561 -23.5523 -9999.0 -9999.0 -23.596 -23.5905 -23.6121 -24.3827 -31.2726 -33.2059 -47.9821 -48.6715 -44.5883 -43.977 -38.5799 -40.5663 -50.1548 -41.54 -38.0981 -41.5873 -47.9238 -42.2159 -40.6839 -25.0934 -22.3553 -20.6089 -20.3815 -19.1404 -18.8629 -9999.0 -9999.0 -9999.0 -9999.0 -9999.0 -9999.0 -9999.0 -9999.0 -9999.0 -9999.0 -9999.0 -9999.0 -9999.0 -9999.0 -9999.0 -9999.0 -9999.0 -9999.0 -9999.0 -9999.0 -9999.0 -9999.0 -9999.0 -9999.0 -9999.0 -9999.0 -9999.0 -9999.0 -9999.0 -9999.0 -9999.0 -9.68746 -9.11968 -8.74056 -9999.0 -9999.0
-25.0605 -23.7081 -23.7561 -9999.0 -9999.0 -9999.0 -23.7917 -23.8482 -24.8468 -26.3521 -37.7497 -47.4045 -47.3309 -44.0387 -47.7087 -44.2431 -39.5246 -39.4149 -43.5225 -41.3893 -39.204 -41.8278 -41.1613 -29.0451 -24.2082 -28.272 -20.4899 -19.6999 -9999.0 -9999.0 -9999.0 -9999.0 -9999.0 -9999.0 -9999.0 -9999.0 -9999.0 -9999.0 -9999.0 -9999.0 -9999.0 -9999.0 -9999.0 -9999.0 -9999.0 -9999.0 -9999.0 -9999.0 -9999.0 -9999.0 -9999.0 -9999.0 -9999.0 -9999.0 -9999.0 -9999.0 -9999.0 -9999.0 -9999.0 -9.92822 -9.28586 -9999.0 -9999.0 -9999.0 -9999.0
-23.8216 -26.9722 -26.0425 -23.9592 -9999.0 -9999.0 -9999.0 -23.9826 -24.02 -25.4911 -35.0602 -50.9019 -50.2744 -43.9406 -43.6651 -48.1087 -46.4745 -46.4383 -40.9927 -42.0716 -44.2895 -42.0072 -38.8739 -32.377 -23.3646 -22.8007 -21.499 -20.2126 -9999.0 -9999.0 -9999.0 -9999.0 -9999.0 -9999.0 -9999.0 -9999.0 -9999.0 -9999.0 -9999.0 -9999.0 -9999.0 -9999.0 -9999.0 -9999.0 -9999.0 -9999.0 -9999.0 -9999.0 -9999.0 -9999.0 -9999.0 -9999.0 -9999.0 -9999.0 -9999.0 -9999.0 -9999.0 -9999.0 -9999.0 -9999.0 -9999.0 -9999.0 -9999.0 -9999.0 -9999.0
-9999.0 -24.0069 -26.694 -26.0485 -9999.0 -9999.0 -9999.0 -9999.0 -9999.0 -24.6571 -30.718 -44.5919 -50.0494 -50.2233 -46.0712 -51.2116 -45.0108 -44.6285 -44.5122 -44.9396 -43.3857 -41.6716 -39.5336 -51.484 -32.4427 -23.0506 -21.9336 -20.8094 -9999.0 -9999.0 -9999.0 -9999.0 -9999.0 -9999.0 -9999.0 -9999.0 -9999.0 -9999.0 -9999.0 -9999.0 -9999.0 -9999.0 -9999.0 -9999.0 -9999.0 -9999.0 -9999.0 -9999.0 -9999.0 -9999.0 -9999.0 -9999.0 -9999.0 -9999.0 -9999.0 -9999.0 -9999.0 -9999.0 -9999.0 -9999.0 -9999.0 -9999.0 -9999.0 -9999.0 -9999.0
-9999.0 -9999.0 -24.2302 -25.1304 -24.3117 -9999.0 -9999.0 -9999.0 -9999.0 -24.3085 -24.3873 -27.7774 -34.176 -41.1294 -48.8859 -50.1112 -46.4075 -45.4839 -44.2768 -45.4242 -45.6121 -41.9906 -35.9248 -38.3199 -38.8787 -24.3119 -27.1832 -21.3765 -9999.0 -9999.0 -9999.0 -9999.0 -9999.0 -9999.0 -9999.0 -9999.0 -9999.0 -9999.0 -9999.0 -9999.0 -9999.0 -9999.0 -9999.0 -9999.0 -9999.0 -9999.0 -9999.0 -9999.0 -9999.0 -9999.0 -9999.0 -9999.0 -9999.0 -9999.0 -9999.0 -9999.0 -9999.0 -9999.0 -10.3603 -9.41705 -8.02564 -7.28359 -9999.0 -9999.0 -9999.0
-9999.0 -9999.0 -24.332 -24.4123 -9999.0 -9999.0 -9999.0 -9999.0 -9999.0 -9999.0 -9999.0 -24.4939 -31.4016 -47.9799 -49.0867 -46.1404 -50.7931 -49.712 -46.2061 -45.496 -44.6176 -40.0305 -39.4601 -36.3756 -29.8863 -22.8923 -22.701 -21.9682 -9999.0 -9999.0 -9999.0 -9999.0 -9999.0 -9999.0 -9999.0 -9999.0 -9999.0 -9999.0 -9999.0 -9999.0 -9999.0 -9999.0 -9999.0 -9999.0 -9999.0 -9999.0 -9999.0 -9999.0 -9999.0 -9999.0 -9999.0 -9999.0 -9999.0 -9999.0 -12.6492 -13.4752 -11.901 -10.5618 -9.64958 -8.65056 -7.80722 -7.53012 -6.9853 -6.5803 -6.31402
-9999.0 -9999.0 -9999.0 -9999.0 -9999.0 -9999.0 -9999.0 -9999.0 -9999.0 -9999.0 -9999.0 -24.6592 -24.8169 -44.7782 -33.2505 -39.0794 -43.3022 -47.0307 -44.9076 -47.5708 -49.5893 -45.5105 -37.735 -35.2949 -25.5003 -23.5003 -22.8799 -22.5782 -9999.0 -9999.0 -9999.0 -9999.0 -9999.0 -9999.0 -9999.0 -9999.0 -9999.0 -9999.0 -9999.0 -9999.0 -9999.0 -9999.0 -9999.0 -9999.0 -9999.0 -9999.0 -9999.0 -9999.0 -9999.0 -9999.0 -9999.0 -9999.0 -9999.0 -9999.0 -12.9157 -11.9492 -11.2656 -9999.0 -9.53969 -8.53315 -7.66786 -7.04298 -7.27307 -8.06145 -8.1781
-9999.0 -9999.0 -9999.0 -9999.0 -9999.0 -9999.0 -9999.0 -9999.0 -9999.0 -24.9707 -9999.0 -24.9113 -25.2002 -35.9697 -46.6703 -43.0324 -49.2126 -49.5594 -46.1217 -50.6185 -48.3747 -43.8705 -39.0129 -35.8564 -27.2291 -24.7133 -23.9351 -23.4612 -9999.0 -9999.0 -9999.0 -9999.0 -9999.0 -9999.0 -9999.0 -9999.0 -9999.0 -9999.0 -9999.0 -9999.0 -9999.0 -9999.0 -9999.0 -9999.0 -9999.0 -9999.0 -17.5399 -17.0131 -16.4659 -9999.0 -9999.0 -9999.0 -9999.0 -13.4316 -12.7564 -9999.0 -11.2718 -10.4608 -9999.0 -9999.0 -7.8832 -7.27626 -6.89072 -6.64953 -6.67396
-9999.0 -9999.0 -9999.0 -9999.0 -9999.0 -9999.0 -9999.0 -9999.0 -9999.0 -9999.0 -25.2215 -9999.0 -26.7863 -35.8553 -32.1959 -43.3672 -38.8003 -45.1735 -44.7564 -45.2013 -53.3497 -45.781 -46.8108 -49.508 -37.8218 -29.0801 -24.8418 -25.7113 -23.6676 -9999.0 -9999.0 -9999.0 -9999.0 -9999.0 -9999.0 -9999.0 -9999.0 -9999.0 -9999.0 -9999.0 -9999.0 -9999.0 -19.9628 -19.6135 -19.1325 -18.5999 -18.1743 -17.5493 -16.9905 -16.2357 -9999.0 -9999.0 -9999.0 -9999.0 -9999.0 -9999.0 -11.4097 -9999.0 -9999.0 -9999.0 -9999.0 -9999.0 -9999.0 -9999.0 -9999.0
