setup_data/66098_caitjcampbell_JJA_NoAm_Map_1980_2009/66098_caitjcampbell_JJA_NoAm_Map_1980_2009/predreg.asc
ncols 291
nrows 150
xllcorner -176.5
yllcorner 3.9000015258789062
cellsize 0.5
NODATA_value -9999
[rows 87 to 115 of 150, columns 130 to 194 of 291]
-59.5947 -53.4182 -56.324 -58.9324 -63.4313 -64.4152 -76.3242 -71.1919 -65.2282 -58.0136 -67.1757 -68.6899 -62.5758 -58.4677 -55.9532 -54.4219 -53.7672 -54.8178 -53.4438 -52.0252 -49.907 -47.3288 -43.8959 -42.4828 -41.9235 -40.5998 -39.5796 -41.0053 -39.7256 -38.9742 -39.7302 -38.747 -37.2008 -36.472 -37.9231 -37.4673 -36.468 -35.7064 -36.3469 -35.4137 -35.5394 -36.2746 -35.6362 -36.8677 -38.5366 -37.9992 -39.0545 -41.8149 -41.2647 -40.1233 -41.5032 -41.4655 -40.5587 -41.4804 -47.0841 -62.2854 -61.281 -56.5294 -43.5111 -41.8773 -40.2659 -39.8284 -40.1303 -41.6062 -40.6595
-64.7573 -61.0131 -58.6016 -56.6542 -59.3238 -67.4699 -68.4506 -69.7515 -61.0072 -55.5943 -63.8054 -64.3912 -61.8469 -56.6124 -54.7058 -55.9444 -55.8545 -53.2801 -51.8681 -50.3294 -44.6744 -42.7238 -41.7043 -40.1344 -38.865 -38.6098 -37.6835 -37.986 -36.8642 -39.5826 -37.862 -39.325 -37.6579 -38.8645 -41.104 -38.7345 -37.6451 -36.2716 -34.425 -34.5173 -34.6016 -35.3661 -36.0304 -37.9748 -38.2912 -37.9712 -37.8495 -38.5576 -38.8352 -39.2399 -40.5723 -45.1653 -42.5687 -40.6321 -51.2056 -50.926 -43.3517 -40.2822 -39.2955 -38.0088 -38.3314 -39.8455 -39.9374 -39.654 -39.4114
-49.4411 -59.4656 -59.8585 -73.7083 -66.9558 -69.3099 -73.0984 -67.3152 -63.4106 -58.7233 -63.2329 -65.8599 -58.6388 -53.5398 -51.2773 -53.912 -51.9541 -50.9804 -49.7548 -48.6224 -47.5844 -43.042 -40.8368 -38.8712 -37.396 -36.0199 -35.0301 -35.2632 -36.5051 -37.189 -37.2963 -36.8331 -36.6044 -37.5943 -37.1764 -36.9948 -35.4821 -35.3688 -34.5216 -34.0201 -33.7456 -34.217 -34.967 -36.2148 -36.5588 -35.2842 -36.259 -38.4748 -38.324 -38.9992 -41.4059 -38.53 -40.6772 -40.0985 -41.0629 -39.8557 -38.9132 -36.5986 -36.2677 -37.8444 -37.8609 -37.3563 -38.101 -37.6159 -38.3086
-39.4694 -50.8086 -58.6822 -69.1393 -72.0671 -68.1501 -70.2086 -66.3112 -55.8264 -51.897 -55.9265 -61.3894 -59.9502 -49.7426 -49.4514 -52.8529 -51.4111 -49.1836 -47.4719 -46.1287 -45.476 -41.3923 -38.9137 -36.7415 -36.8844 -35.7156 -35.6143 -35.8673 -34.957 -35.4208 -35.8087 -35.2807 -34.7352 -34.5156 -34.6056 -34.5538 -34.4322 -33.4273 -33.8725 -33.471 -32.65 -33.0002 -33.8082 -34.7753 -36.051 -34.2681 -34.9616 -36.6574 -36.2929 -38.302 -38.1102 -38.715 -41.2583 -38.6719 -38.5948 -37.7415 -36.2447 -35.7689 -35.0555 -37.7944 -38.9559 -38.5341 -37.842 -37.4038 -38.0875
-36.3816 -44.2671 -45.0293 -53.5395 -60.6701 -57.8103 -62.7587 -63.7402 -50.4099 -57.9353 -47.5835 -71.1549 -60.4138 -47.9491 -45.3979 -50.8698 -48.8287 -46.849 -45.1107 -43.9372 -40.2536 -39.071 -37.6344 -36.8948 -36.6658 -35.3045 -36.0745 -33.5817 -33.315 -33.1903 -33.4362 -33.3841 -33.7618 -33.2839 -33.6938 -33.2441 -33.5303 -33.1064 -32.1304 -32.364 -31.8682 -32.0071 -32.9589 -34.8366 -35.7678 -34.3149 -33.9809 -35.4435 -36.3036 -36.5268 -38.2546 -39.5391 -37.8919 -37.7699 -37.3241 -35.097 -34.9013 -35.3055 -35.6612 -35.2173 -36.5788 -37.3079 -37.7665 -37.5471 -38.093
-36.5435 -47.1442 -52.7436 -44.59 -49.3564 -50.3083 -55.7665 -57.9354 -47.9286 -49.1068 -46.1832 -67.1081 -60.7225 -47.5797 -43.7074 -45.264 -45.7841 -44.0006 -42.0251 -41.0933 -38.8703 -39.3817 -37.0848 -36.3347 -35.1597 -36.8758 -33.1925 -34.4744 -31.4239 -30.6593 -31.031 -31.2245 -31.8315 -31.7986 -31.9929 -32.0855 -33.0616 -32.2784 -31.5138 -31.5083 -31.4194 -31.6817 -32.1935 -33.8511 -35.2618 -34.6812 -32.939 -33.0628 -33.3535 -34.0054 -34.7176 -36.1446 -36.6776 -37.0876 -35.472 -34.5493 -34.2152 -34.3437 -34.4065 -35.0326 -36.4386 -37.5952 -37.1691 -35.2074 -9999.0
-37.12 -41.1863 -51.1261 -47.7999 -45.6592 -51.9461 -48.4414 -46.9354 -46.7679 -44.7311 -46.3297 -50.7048 -46.9597 -57.039 -41.5197 -42.8168 -41.8941 -42.0378 -40.2714 -38.4038 -38.0345 -36.9663 -38.0324 -36.6666 -36.8104 -35.2379 -34.9521 -31.6615 -30.6375 -29.1483 -28.8078 -30.2963 -30.3068 -31.4997 -30.8181 -31.7563 -31.8751 -32.0768 -31.7144 -31.3508 -31.1445 -32.1406 -32.5561 -34.2003 -34.9478 -34.2111 -33.795 -34.2372 -33.0746 -33.6798 -34.1507 -35.2785 -34.4435 -35.4353 -35.361 -34.2701 -34.1868 -33.7146 -33.7243 -34.5256 -36.1455 -36.9656 -34.4729 -9999.0 -9999.0
-45.8111 -50.3992 -47.6595 -47.068 -50.4575 -54.6539 -45.8631 -45.567 -44.0066 -44.3788 -42.7309 -50.5846 -45.2839 -51.946 -42.7537 -38.2849 -37.7179 -37.9074 -38.4698 -37.9477 -38.0405 -35.503 -34.4369 -34.1045 -33.8314 -34.2053 -32.804 -31.5463 -28.0386 -28.5109 -28.73 -28.1031 -29.3541 -30.859 -31.3245 -31.1494 -31.5206 -31.4399 -31.9703 -31.3388 -32.562 -32.6606 -33.7571 -34.4631 -33.6591 -33.4947 -33.9107 -34.5766 -35.9109 -35.1555 -35.6121 -35.4507 -35.0616 -34.611 -35.0179 -35.2733 -34.4828 -34.947 -34.433 -34.0016 -34.8917 -9999.0 -9999.0 -9999.0 -9999.0
-46.1487 -49.4339 -51.1799 -48.1916 -43.7192 -53.4601 -46.6347 -51.4209 -42.8406 -42.6828 -48.4132 -40.8275 -46.333 -43.0351 -44.627 -38.2212 -36.7381 -35.364 -35.3418 -36.953 -36.8966 -35.522 -35.5354 -34.8466 -33.3942 -32.7601 -31.3878 -29.5067 -27.7894 -27.0075 -27.6509 -27.3604 -29.3228 -29.8839 -30.4157 -31.4792 -31.5817 -31.9445 -31.4335 -31.586 -33.2445 -33.3382 -34.1346 -33.745 -34.2 -34.8616 -36.3853 -35.8652 -36.6274 -37.4273 -36.9218 -36.0983 -34.4602 -33.9947 -35.5609 -35.4125 -34.7265 -35.3572 -35.6959 -34.5959 -34.148 -9999.0 -9999.0 -9999.0 -9999.0
-39.4846 -50.4782 -47.2334 -50.6736 -53.2927 -57.9651 -50.1047 -52.6992 -43.9971 -43.8266 -43.4611 -46.4116 -42.5087 -45.0368 -58.392 -49.4166 -41.2779 -40.0821 -35.9181 -33.9621 -34.2788 -34.3176 -35.36 -34.207 -30.6577 -31.6951 -28.6723 -28.6419 -25.9085 -26.0151 -26.3538 -28.2171 -29.5211 -30.8419 -31.1159 -30.8791 -31.1138 -31.4568 -30.9983 -32.753 -33.5135 -33.2638 -33.9196 -33.7512 -34.2638 -35.5538 -36.4388 -37.8662 -37.8097 -38.183 -38.37 -36.3548 -35.9093 -36.2736 -36.574 -35.3828 -35.2276 -36.146 -36.311 -34.9419 -34.2356 -9999.0 -9999.0 -9999.0 -9999.0
-36.8112 -41.9571 -42.1259 -42.3309 -43.9141 -61.7851 -63.055 -48.163 -46.8114 -48.0814 -45.8302 -44.4296 -44.0857 -38.0294 -49.3842 -50.4972 -44.4229 -41.0689 -34.1299 -31.4419 -31.5095 -31.9613 -33.9711 -33.8896 -33.0029 -32.9753 -31.5454 -26.5994 -25.6486 -25.9841 -26.1067 -27.3988 -28.7386 -30.8385 -31.1456 -31.1891 -31.0068 -31.4522 -32.3155 -34.0696 -34.055 -33.1005 -33.4901 -33.804 -34.2252 -34.8962 -34.8977 -34.7725 -34.4251 -34.1812 -34.3222 -37.2804 -36.3504 -37.824 -38.257 -36.4143 -36.1702 -37.4673 -37.1038 -35.3773 -34.1539 -9999.0 -9999.0 -9999.0 -9999.0
-31.7602 -35.4689 -40.3279 -40.4925 -39.9836 -52.6138 -66.0716 -60.9861 -63.1343 -54.7581 -49.5667 -45.2104 -49.2239 -36.6764 -36.9185 -40.3908 -35.4649 -29.6581 -32.4927 -29.2831 -27.1902 -28.9306 -30.5175 -30.591 -30.3514 -30.0374 -27.3968 -25.1671 -24.5496 -25.5832 -25.1855 -26.1005 -27.398 -28.6595 -29.9306 -30.3233 -30.4662 -31.3966 -32.6437 -35.1408 -35.3171 -34.8581 -34.0939 -34.1565 -33.509 -9999.0 -9999.0 -9999.0 -9999.0 -9999.0 -9999.0 -9999.0 -36.7129 -37.0299 -34.5877 -34.5527 -37.2625 -37.8077 -37.0504 -36.474 -34.6811 -9999.0 -9999.0 -9999.0 -9999.0
-23.6936 -29.2726 -43.7022 -33.6469 -37.0404 -50.917 -71.1657 -68.3486 -59.8274 -58.3064 -47.2847 -42.498 -39.9962 -40.5038 -43.229 -32.5145 -33.4506 -49.2797 -45.6102 -34.761 -27.0403 -24.2553 -24.7872 -24.3522 -24.1708 -24.8058 -24.4189 -24.6521 -24.5665 -24.1207 -24.5814 -25.0649 -25.4792 -25.8927 -9999.0 -9999.0 -9999.0 -9999.0 -9999.0 -9999.0 -30.1696 -31.0758 -34.2506 -31.5834 -32.3639 -9999.0 -9999.0 -9999.0 -9999.0 -9999.0 -9999.0 -9999.0 -9999.0 -9999.0 -9999.0 -9999.0 -34.8682 -37.7349 -37.0691 -36.2546 -35.7965 -33.5431 -9999.0 -9999.0 -9999.0
-20.3743 -27.669 -34.1504 -45.689 -51.7064 -48.5484 -71.2253 -62.6544 -62.8021 -63.0878 -51.8799 -41.3245 -45.2114 -42.6061 -45.2508 -46.2168 -34.5125 -37.7018 -35.8263 -33.4352 -27.8255 -24.2261 -23.4777 -22.265 -22.4076 -22.9236 -22.881 -23.846 -23.5743 -23.8704 -23.9434 -24.1288 -24.1119 -9999.0 -9999.0 -9999.0 -9999.0 -9999.0 -9999.0 -9999.0 -9999.0 -9999.0 -9999.0 -9999.0 -9999.0 -9999.0 -9999.0 -9999.0 -9999.0 -9999.0 -9999.0 -9999.0 -9999.0 -9999.0 -9999.0 -9999.0 -9999.0 -35.2012 -37.8859 -36.7413 -35.9227 -35.2047 -9999.0 -9999.0 -9999.0
-19.4335 -21.436 -27.849 -30.7822 -42.2144 -61.3847 -66.297 -74.6354 -64.6484 -61.9052 -47.8693 -42.0181 -42.8736 -44.3592 -42.9303 -40.6983 -35.9769 -39.7735 -38.4936 -27.0769 -25.436 -25.0489 -21.6764 -21.653 -20.9786 -20.8606 -22.0075 -21.7402 -21.8985 -22.4456 -21.9366 -9999.0 -9999.0 -9999.0 -9999.0 -9999.0 -9999.0 -9999.0 -9999.0 -9999.0 -9999.0 -9999.0 -9999.0 -9999.0 -9999.0 -9999.0 -9999.0 -9999.0 -9999.0 -9999.0 -9999.0 -9999.0 -9999.0 -9999.0 -9999.0 -9999.0 -9999.0 -35.0851 -36.3751 -36.4447 -35.6473 -34.2228 -9999.0 -9999.0 -9999.0
-18.9215 -20.5788 -21.6143 -28.406 -33.5563 -43.4997 -64.9187 -68.4392 -61.1651 -59.0945 -53.2848 -47.0429 -41.0252 -42.2467 -42.9927 -40.0654 -36.0876 -50.0377 -43.8692 -29.8588 -24.1973 -21.6559 -20.8065 -19.6278 -20.8108 -22.6648 -20.8582 -20.1076 -20.3568 -9999.0 -9999.0 -9999.0 -9999.0 -9999.0 -9999.0 -9999.0 -9999.0 -9999.0 -9999.0 -9999.0 -9999.0 -9999.0 -9999.0 -9999.0 -9999.0 -9999.0 -9999.0 -9999.0 -9999.0 -9999.0 -9999.0 -9999.0 -9999.0 -9999.0 -9999.0 -9999.0 -9999.0 -33.7795 -34.7357 -35.9945 -35.3864 -33.1001 -32.2649 -9999.0 -9999.0
-9999.0 -19.0954 -17.5855 -20.6492 -28.7746 -53.7944 -54.785 -49.5217 -66.4202 -62.427 -51.9489 -51.2706 -44.9462 -43.8732 -49.8355 -39.0002 -34.8378 -48.2443 -30.8968 -25.7149 -23.1678 -21.5498 -20.008 -18.7344 -19.5782 -20.4708 -19.2739 -18.8 -18.8602 -9999.0 -9999.0 -9999.0 -9999.0 -9999.0 -9999.0 -9999.0 -9999.0 -9999.0 -9999.0 -9999.0 -9999.0 -9999.0 -9999.0 -9999.0 -9999.0 -9999.0 -9999.0 -9999.0 -9999.0 -9999.0 -9999.0 -9999.0 -9999.0 -9999.0 -9999.0 -9999.0 -9999.0 -32.1933 -35.0129 -36.311 -35.365 -32.9416 -30.5032 -9999.0 -9999.0
-9999.0 -9999.0 -9999.0 -17.2567 -21.5125 -28.6255 -42.7985 -45.4474 -47.3305 -72.5933 -56.3891 -59.6553 -49.0238 -46.2533 -37.5287 -35.9143 -33.903 -37.0299 -28.4099 -47.085 -35.9641 -25.5352 -21.9323 -18.3465 -17.3932 -18.8953 -17.0305 -17.1408 -18.1841 -9999.0 -9999.0 -9999.0 -9999.0 -9999.0 -9999.0 -9999.0 -9999.0 -9999.0 -9999.0 -9999.0 -9999.0 -9999.0 -9999.0 -9999.0 -9999.0 -9999.0 -9999.0 -9999.0 -9999.0 -9999.0 -9999.0 -9999.0 -9999.0 -9999.0 -9999.0 -9999.0 -9999.0 -9999.0 -30.7247 -38.35 -37.0872 -34.7689 -32.6561 -9999.0 -9999.0
-14.9537 -9999.0 -9999.0 -9999.0 -18.7232 -24.6983 -37.753 -48.5713 -55.4092 -69.0649 -78.3899 -55.1804 -58.0335 -48.775 -40.7879 -34.2118 -34.2427 -35.9566 -38.2528 -35.3356 -30.0279 -31.5582 -24.425 -22.4506 -17.4849 -16.0178 -15.017 -16.1383 -17.6776 -9999.0 -9999.0 -9999.0 -9999.0 -9999.0 -9999.0 -9999.0 -9999.0 -9999.0 -9999.0 -9999.0 -9999.0 -9999.0 -9999.0 -9999.0 -9999.0 -9999.0 -9999.0 -9999.0 -9999.0 -9999.0 -9999.0 -9999.0 -9999.0 -9999.0 -9999.0 -9999.0 -9999.0 -9999.0 -29.1744 -37.2859 -37.3785 -36.2428 -34.9798 -9999.0 -9999.0
-19.3468 -15.6549 -9999.0 -9999.0 -15.1274 -19.6564 -24.7208 -35.9319 -52.7283 -54.8095 -70.1608 -61.7228 -48.9295 -53.8381 -49.2122 -37.5486 -34.7976 -32.183 -34.9809 -35.4965 -39.9764 -39.6388 -33.0985 -21.17 -18.8746 -18.4796 -15.5005 -15.7254 -16.1438 -9999.0 -9999.0 -9999.0 -9999.0 -9999.0 -9999.0 -9999.0 -9999.0 -9999.0 -9999.0 -9999.0 -9999.0 -9999.0 -9999.0 -9999.0 -9999.0 -9999.0 -9999.0 -9999.0 -9999.0 -9999.0 -9999.0 -9999.0 -9999.0 -9999.0 -9999.0 -9999.0 -9999.0 -9999.0 -9999.0 -27.8091 -35.3908 -36.0259 -34.4798 -9999.0 -9999.0
-18.3418 -14.566 -9999.0 -9999.0 -19.6765 -22.0713 -21.1888 -29.024 -44.7478 -50.9907 -71.3942 -65.591 -54.7927 -53.0376 -42.4166 -44.8917 -59.454 -44.8843 -41.6044 -49.1923 -59.9072 -51.401 -49.1781 -26.1591 -20.7801 -17.0481 -16.925 -15.7477 -17.7291 -9999.0 -9999.0 -9999.0 -9999.0 -9999.0 -9999.0 -9999.0 -9999.0 -9999.0 -9999.0 -9999.0 -9999.0 -9999.0 -9999.0 -9999.0 -9999.0 -9999.0 -9999.0 -9999.0 -9999.0 -9999.0 -9999.0 -9999.0 -9999.0 -9999.0 -9999.0 -9999.0 -9999.0 -9999.0 -9999.0 -9999.0 -26.747 -32.4022 -28.016 -9999.0 -9999.0
-14.1023 -13.947 -14.4302 -9999.0 -9999.0 -9999.0 -23.0241 -20.0876 -26.4225 -36.467 -54.0762 -64.0545 -60.7208 -53.5515 -58.5601 -52.0365 -42.8353 -41.6647 -49.2804 -46.9626 -43.7744 -48.3356 -47.4778 -30.612 -23.8807 -29.3085 -17.186 -15.8632 -9999.0 -9999.0 -9999.0 -9999.0 -9999.0 -9999.0 -9999.0 -9999.0 -9999.0 -9999.0 -9999.0 -9999.0 -9999.0 -9999.0 -9999.0 -9999.0 -9999.0 -9999.0 -9999.0 -9999.0 -9999.0 -9999.0 -9999.0 -9999.0 -9999.0 -9999.0 -9999.0 -9999.0 -9999.0 -9999.0 -9999.0 -23.7843 -24.7039 -9999.0 -9999.0 -9999.0 -9999.0
-9.4716 -16.2582 -15.6632 -14.9463 -9999.0 -9999.0 -9999.0 -23.4433 -20.9595 -32.5379 -49.8446 -70.5863 -66.7285 -53.3505 -51.9518 -59.5271 -55.2547 -53.4336 -43.5382 -46.1243 -50.2702 -47.0315 -43.1277 -35.5322 -21.778 -18.1818 -16.6236 -15.7464 -9999.0 -9999.0 -9999.0 -9999.0 -9999.0 -9999.0 -9999.0 -9999.0 -9999.0 -9999.0 -9999.0 -9999.0 -9999.0 -9999.0 -9999.0 -9999.0 -9999.0 -9999.0 -9999.0 -9999.0 -9999.0 -9999.0 -9999.0 -9999.0 -9999.0 -9999.0 -9999.0 -9999.0 -9999.0 -9999.0 -9999.0 -9999.0 -9999.0 -9999.0 -9999.0 -9999.0 -9999.0
-9999.0 -10.5146 -16.7813 -15.5355 -9999.0 -9999.0 -9999.0 -9999.0 -9999.0 -23.3511 -40.8653 -61.2923 -66.0823 -63.6886 -55.2222 -64.7028 -52.6337 -49.8957 -48.3417 -49.6223 -47.4008 -45.0946 -43.7859 -62.488 -32.5918 -17.1506 -17.1205 -16.4298 -9999.0 -9999.0 -9999.0 -9999.0 -9999.0 -9999.0 -9999.0 -9999.0 -9999.0 -9999.0 -9999.0 -9999.0 -9999.0 -9999.0 -9999.0 -9999.0 -9999.0 -9999.0 -9999.0 -9999.0 -9999.0 -9999.0 -9999.0 -9999.0 -9999.0 -9999.0 -9999.0 -9999.0 -9999.0 -9999.0 -9999.0 -9999.0 -9999.0 -9999.0 -9999.0 -9999.0 -9999.0
-9999.0 -9999.0 -9.38265 -16.5277 -15.8801 -9999.0 -9999.0 -9999.0 -9999.0 -27.3567 -22.3968 -32.3498 -41.111 -49.2611 -60.9236 -62.8414 -54.1991 -51.2092 -48.6695 -49.6172 -49.7601 -44.6838 -35.5279 -38.7733 -43.0561 -21.0947 -25.0961 -19.1341 -9999.0 -9999.0 -9999.0 -9999.0 -9999.0 -9999.0 -9999.0 -9999.0 -9999.0 -9999.0 -9999.0 -9999.0 -9999.0 -9999.0 -9999.0 -9999.0 -9999.0 -9999.0 -9999.0 -9999.0 -9999.0 -9999.0 -9999.0 -9999.0 -9999.0 -9999.0 -9999.0 -9999.0 -9999.0 -9999.0 -23.7825 -24.0234 -23.522 -23.736 -9999.0 -9999.0 -9999.0
-9999.0 -9999.0 -11.1506 -12.5632 -9999.0 -9999.0 -9999.0 -9999.0 -9999.0 -9999.0 -9999.0 -26.7174 -41.8254 -64.6293 -63.2242 -55.9926 -60.9344 -58.278 -51.0851 -48.9391 -46.5618 -38.8788 -40.0147 -37.0579 -40.8079 -22.4442 -20.0788 -21.0743 -9999.0 -9999.0 -9999.0 -9999.0 -9999.0 -9999.0 -9999.0 -9999.0 -9999.0 -9999.0 -9999.0 -9999.0 -9999.0 -9999.0 -9999.0 -9999.0 -9999.0 -9999.0 -9999.0 -9999.0 -9999.0 -9999.0 -9999.0 -9999.0 -9999.0 -9999.0 -23.3957 -33.8732 -26.8794 -26.2232 -28.4952 -29.1269 -25.2534 -28.6164 -25.6681 -21.7394 -24.0117
-9999.0 -9999.0 -9999.0 -9999.0 -9999.0 -9999.0 -9999.0 -9999.0 -9999.0 -9999.0 -9999.0 -32.3124 -37.6067 -65.9773 -38.5712 -46.1263 -50.7136 -55.1623 -49.3453 -52.2888 -54.2801 -46.4823 -35.8117 -34.1606 -34.0502 -29.1205 -23.2121 -22.7308 -9999.0 -9999.0 -9999.0 -9999.0 -9999.0 -9999.0 -9999.0 -9999.0 -9999.0 -9999.0 -9999.0 -9999.0 -9999.0 -9999.0 -9999.0 -9999.0 -9999.0 -9999.0 -9999.0 -9999.0 -9999.0 -9999.0 -9999.0 -9999.0 -9999.0 -9999.0 -23.6785 -26.9816 -22.6398 -9999.0 -22.2641 -24.8056 -24.1021 -26.7007 -25.9668 -28.1362 -28.9608
-9999.0 -9999.0 -9999.0 -9999.0 -9999.0 -9999.0 -9999.0 -9999.0 -9999.0 -26.0609 -9999.0 -32.7834 -37.0006 -52.058 -61.3165 -53.8803 -61.9697 -60.0717 -52.8119 -58.625 -52.2012 -43.5129 -36.6646 -39.1552 -34.0707 -34.4469 -26.7424 -22.1778 -9999.0 -9999.0 -9999.0 -9999.0 -9999.0 -9999.0 -9999.0 -9999.0 -9999.0 -9999.0 -9999.0 -9999.0 -9999.0 -9999.0 -9999.0 -9999.0 -9999.0 -9999.0 -18.0224 -19.0267 -19.9702 -9999.0 -9999.0 -9999.0 -9999.0 -22.9828 -22.6424 -9999.0 -22.0708 -25.9828 -9999.0 -9999.0 -21.3559 -21.5682 -21.5312 -24.5939 -26.9057
-9999.0 -9999.0 -9999.0 -9999.0 -9999.0 -9999.0 -9999.0 -9999.0 -9999.0 -9999.0 -26.93 -9999.0 -39.7902 -46.2534 -36.3853 -55.8806 -46.5745 -54.509 -53.2866 -50.8769 -62.754 -48.222 -49.764 -54.3708 -42.7988 -35.7231 -26.1266 -26.965 -27.4031 -9999.0 -9999.0 -9999.0 -9999.0 -9999.0 -9999.0 -9999.0 -9999.0 -9999.0 -9999.0 -9999.0 -9999.0 -9999.0 -17.6345 -13.5661 -18.3179 -20.7738 -22.1543 -21.8959 -21.686 -21.4449 -9999.0 -9999.0 -9999.0 -9999.0 -9999.0 -9999.0 -21.4463 -9999.0 -9999.0 -9999.0 -9999.0 -9999.0 -9999.0 -9999.0 -9999.0
