setup_data/66098_caitjcampbell_JJA_NoAm_Map_1980_2009/66098_caitjcampbell_JJA_NoAm_Map_1980_2009/predkrig.asc
ncols 291
nrows 150
xllcorner -176.5
yllcorner 3.9000015258789062
cellsize 0.5
NODATA_value -9999
[rows 29 to 57 of 150, columns 130 to 194 of 291]
-137.799 -137.508 -137.196 -137.094 -136.55 -136.314 -136.111 -136.158 -135.697 -135.33 -134.916 -134.639 -134.535 -134.023 -133.457 -131.839 -131.84 -131.229 -131.191 -131.436 -132.117 -130.787 -130.24 -130.014 -129.457 -129.522 -129.271 -129.022 -128.324 -127.599 -126.7 -126.443 -126.198 -125.953 -125.949 -125.573 -125.42 -125.704 -125.36 -125.377 -125.89 -124.436 -123.89 -123.642 -123.824 -123.717 -122.997 -122.82 -9999.0 -9999.0 -122.268 -122.854 -122.495 -122.449 -122.837 -122.022 -121.308 -121.436 -121.914 -120.934 -9999.0 -9999.0 -9999.0 -9999.0 -9999.0
-136.83 -136.988 -136.756 -137.2 -135.855 -135.472 -135.215 -134.915 -134.562 -134.314 -133.769 -133.397 -133.023 -131.623 -131.515 -132.36 -132.248 -132.081 -130.352 -131.377 -130.385 -129.89 -129.594 -129.264 -128.407 -128.228 -128.09 -127.722 -126.743 -126.44 -126.181 -126.291 -126.345 -125.417 -125.045 -124.187 -124.114 -123.671 -123.301 -123.073 -122.837 -122.606 -122.38 -122.142 -9999.0 -121.708 -9999.0 -9999.0 -121.107 -120.916 -120.718 -120.537 -121.311 -120.295 -120.035 -119.867 -119.716 -119.571 -119.431 -119.308 -120.372 -119.232 -118.933 -9999.0 -9999.0
-136.573 -134.765 -135.477 -134.62 -133.767 -133.795 -133.973 -133.614 -133.583 -133.362 -132.828 -132.322 -132.046 -130.731 -131.429 -131.3 -130.943 -130.334 -129.647 -129.386 -129.125 -129.581 -129.335 -129.036 -128.715 -127.376 -126.808 -126.249 -126.114 -125.871 -125.556 -124.63 -124.644 -124.698 -124.19 -123.262 -123.244 -122.344 -122.312 -123.195 -122.627 -121.113 -9999.0 -9999.0 -9999.0 -9999.0 -9999.0 -9999.0 -9999.0 -9999.0 -9999.0 -118.955 -118.826 -118.597 -9999.0 -9999.0 -9999.0 -9999.0 -9999.0 -9999.0 -117.531 -9999.0 -9999.0 -9999.0 -9999.0
-133.426 -131.613 -131.402 -132.219 -130.984 -132.357 -132.104 -132.119 -132.079 -131.944 -131.879 -131.785 -130.821 -130.071 -130.34 -130.515 -129.704 -129.087 -129.145 -128.288 -127.874 -128.118 -127.625 -127.513 -127.421 -125.625 -124.885 -124.313 -124.754 -124.469 -124.037 -123.746 -122.788 -122.658 -121.882 -121.587 -121.338 -120.626 -120.362 -120.092 -119.834 -119.582 -9999.0 -9999.0 -9999.0 -9999.0 -9999.0 -9999.0 -9999.0 -9999.0 -9999.0 -9999.0 -9999.0 -9999.0 -9999.0 -116.635 -116.756 -116.407 -116.172 -116.016 -9999.0 -9999.0 -9999.0 -9999.0 -9999.0
-130.861 -132.128 -131.957 -131.658 -131.964 -131.91 -132.255 -131.516 -131.279 -131.13 -130.675 -130.199 -129.682 -129.761 -129.71 -128.998 -128.267 -127.99 -127.855 -128.176 -127.247 -126.695 -126.723 -126.169 -125.765 -125.377 -123.779 -123.648 -123.349 -122.998 -122.433 -121.482 -121.093 -120.811 -120.164 -119.772 -119.403 -119.113 -118.837 -9999.0 -9999.0 -9999.0 -9999.0 -9999.0 -9999.0 -9999.0 -9999.0 -9999.0 -9999.0 -9999.0 -9999.0 -9999.0 -9999.0 -9999.0 -9999.0 -114.988 -114.817 -114.655 -114.497 -9999.0 -9999.0 -9999.0 -113.891 -114.699 -113.687
-131.266 -131.212 -131.589 -131.096 -130.886 -131.657 -132.697 -130.496 -130.161 -130.058 -129.799 -129.482 -128.9 -128.58 -128.801 -128.813 -127.388 -127.245 -126.685 -126.377 -126.044 -125.568 -125.419 -125.12 -124.658 -124.256 -123.075 -123.199 -122.066 -121.618 -120.851 -120.615 -119.588 -119.07 -118.589 -118.185 -117.877 -9999.0 -9999.0 -9999.0 -9999.0 -9999.0 -9999.0 -9999.0 -9999.0 -9999.0 -9999.0 -9999.0 -9999.0 -9999.0 -9999.0 -9999.0 -9999.0 -9999.0 -9999.0 -9999.0 -9999.0 -9999.0 -9999.0 -9999.0 -9999.0 -9999.0 -112.232 -112.115 -111.978
-130.145 -130.231 -130.168 -129.952 -130.599 -130.658 -130.386 -130.164 -129.869 -130.103 -128.74 -128.545 -127.939 -127.565 -127.283 -126.607 -126.591 -126.095 -125.765 -125.155 -124.807 -124.473 -124.128 -123.783 -123.227 -122.604 -122.039 -121.336 -120.766 -120.512 -119.875 -119.515 -118.466 -117.67 -116.975 -116.64 -9999.0 -9999.0 -9999.0 -9999.0 -9999.0 -9999.0 -9999.0 -9999.0 -9999.0 -9999.0 -9999.0 -9999.0 -9999.0 -9999.0 -9999.0 -9999.0 -9999.0 -9999.0 -9999.0 -9999.0 -9999.0 -9999.0 -9999.0 -9999.0 -9999.0 -9999.0 -9999.0 -9999.0 -9999.0
-129.087 -128.93 -128.696 -128.849 -129.834 -129.378 -129.293 -129.001 -129.117 -128.467 -128.182 -127.479 -127.302 -126.308 -125.99 -125.679 -125.319 -124.986 -124.418 -123.894 -123.781 -123.426 -122.755 -122.423 -121.968 -121.704 -120.458 -119.951 -119.246 -118.709 -118.363 -117.542 -116.346 -115.799 -115.402 -9999.0 -9999.0 -9999.0 -9999.0 -9999.0 -9999.0 -9999.0 -9999.0 -9999.0 -9999.0 -9999.0 -9999.0 -9999.0 -9999.0 -9999.0 -9999.0 -9999.0 -9999.0 -9999.0 -9999.0 -9999.0 -9999.0 -9999.0 -9999.0 -9999.0 -9999.0 -9999.0 -9999.0 -9999.0 -9999.0
-128.081 -127.872 -128.221 -127.688 -128.713 -128.445 -127.978 -127.98 -127.966 -127.312 -127.022 -126.723 -125.93 -125.486 -125.424 -125.339 -124.196 -123.468 -123.064 -123.268 -122.573 -121.91 -121.799 -120.737 -120.346 -120.263 -119.571 -118.615 -117.801 -117.344 -116.791 -115.832 -114.982 -114.157 -9999.0 -9999.0 -9999.0 -9999.0 -9999.0 -9999.0 -9999.0 -9999.0 -9999.0 -9999.0 -9999.0 -9999.0 -9999.0 -9999.0 -9999.0 -9999.0 -9999.0 -9999.0 -9999.0 -9999.0 -9999.0 -9999.0 -9999.0 -9999.0 -9999.0 -9999.0 -9999.0 -9999.0 -9999.0 -9999.0 -9999.0
-126.379 -126.939 -126.69 -126.441 -126.142 -126.44 -126.831 -126.207 -126.076 -125.665 -125.186 -125.477 -125.246 -124.421 -123.545 -123.763 -123.857 -123.136 -122.57 -122.31 -121.007 -120.575 -120.215 -119.615 -119.33 -118.79 -118.488 -117.653 -117.116 -116.31 -115.548 -114.506 -113.724 -112.562 -9999.0 -9999.0 -9999.0 -9999.0 -9999.0 -9999.0 -9999.0 -9999.0 -9999.0 -9999.0 -9999.0 -9999.0 -9999.0 -9999.0 -9999.0 -9999.0 -9999.0 -9999.0 -9999.0 -9999.0 -9999.0 -9999.0 -9999.0 -9999.0 -9999.0 -9999.0 -9999.0 -9999.0 -9999.0 -9999.0 -9999.0
-125.138 -125.727 -124.414 -124.132 -123.848 -123.555 -123.843 -124.015 -122.866 -122.671 -122.404 -122.897 -122.338 -122.11 -122.346 -122.3 -122.045 -121.941 -121.264 -120.464 -120.496 -119.526 -118.675 -118.044 -117.542 -116.923 -116.697 -116.34 -115.483 -114.729 -113.914 -112.877 -111.984 -110.921 -9999.0 -9999.0 -9999.0 -9999.0 -9999.0 -9999.0 -9999.0 -9999.0 -9999.0 -9999.0 -9999.0 -9999.0 -9999.0 -9999.0 -9999.0 -9999.0 -9999.0 -9999.0 -9999.0 -9999.0 -9999.0 -9999.0 -9999.0 -9999.0 -9999.0 -9999.0 -9999.0 -9999.0 -9999.0 -9999.0 -9999.0
-123.864 -123.558 -123.895 -123.86 -123.905 -124.079 -124.09 -124.031 -124.154 -123.641 -122.94 -121.287 -121.917 -121.547 -121.394 -120.819 -120.773 -120.358 -119.594 -118.95 -118.611 -118.328 -117.635 -116.44 -115.781 -115.564 -114.83 -114.834 -114.516 -113.401 -112.207 -111.351 -110.375 -109.55 -108.907 -108.662 -108.189 -9999.0 -9999.0 -9999.0 -9999.0 -9999.0 -9999.0 -9999.0 -9999.0 -9999.0 -9999.0 -9999.0 -9999.0 -9999.0 -9999.0 -9999.0 -9999.0 -9999.0 -9999.0 -9999.0 -9999.0 -9999.0 -9999.0 -9999.0 -9999.0 -9999.0 -9999.0 -9999.0 -9999.0
-123.2 -123.325 -123.659 -123.699 -123.943 -123.995 -124.103 -123.664 -123.367 -122.542 -121.329 -121.262 -121.545 -121.634 -120.718 -119.56 -119.079 -119.078 -118.118 -117.549 -117.027 -116.95 -116.402 -115.461 -114.794 -114.103 -113.367 -113.558 -112.663 -112.002 -111.318 -110.219 -109.53 -108.453 -107.762 -107.282 -106.619 -105.954 -9999.0 -9999.0 -9999.0 -9999.0 -9999.0 -9999.0 -9999.0 -9999.0 -9999.0 -9999.0 -9999.0 -9999.0 -9999.0 -9999.0 -9999.0 -9999.0 -9999.0 -9999.0 -9999.0 -9999.0 -9999.0 -9999.0 -9999.0 -9999.0 -9999.0 -9999.0 -9999.0
-122.262 -122.382 -122.974 -123.921 -123.366 -123.003 -122.951 -122.813 -122.712 -121.554 -121.04 -121.868 -120.824 -119.731 -118.831 -118.681 -117.821 -116.939 -116.14 -115.708 -115.89 -115.099 -114.192 -114.076 -113.35 -112.141 -111.621 -111.625 -110.933 -110.296 -109.216 -108.777 -108.544 -107.314 -106.344 -105.577 -105.041 -104.24 -9999.0 -9999.0 -9999.0 -9999.0 -9999.0 -9999.0 -9999.0 -9999.0 -9999.0 -9999.0 -9999.0 -9999.0 -9999.0 -9999.0 -9999.0 -9999.0 -9999.0 -9999.0 -9999.0 -9999.0 -9999.0 -9999.0 -9999.0 -9999.0 -9999.0 -9999.0 -9999.0
-122.272 -123.971 -122.532 -122.711 -121.785 -121.904 -121.209 -121.365 -120.549 -120.699 -120.486 -119.699 -119.204 -118.738 -117.539 -116.349 -115.869 -115.185 -114.626 -114.743 -113.868 -113.34 -112.354 -112.011 -111.157 -110.603 -109.956 -109.295 -109.23 -108.35 -107.404 -107.124 -106.459 -106.424 -104.926 -103.943 -103.373 -102.488 -101.865 -101.489 -101.307 -100.947 -100.437 -9999.0 -9999.0 -9999.0 -9999.0 -9999.0 -9999.0 -9999.0 -9999.0 -9999.0 -9999.0 -9999.0 -9999.0 -9999.0 -9999.0 -9999.0 -9999.0 -9999.0 -9999.0 -9999.0 -9999.0 -9999.0 -9999.0
-120.825 -121.471 -121.309 -121.008 -120.876 -119.67 -119.745 -119.596 -119.159 -119.095 -118.538 -118.346 -118.235 -117.223 -115.659 -115.495 -114.147 -113.518 -113.795 -113.338 -112.36 -111.561 -110.365 -109.722 -109.287 -108.703 -108.575 -108.106 -106.97 -106.598 -105.677 -105.02 -104.241 -103.58 -103.101 -102.024 -101.454 -100.802 -100.553 -100.382 -100.108 -99.6577 -99.2828 -98.6587 -98.1944 -97.6683 -97.2279 -9999.0 -9999.0 -9999.0 -9999.0 -9999.0 -9999.0 -9999.0 -9999.0 -9999.0 -9999.0 -9999.0 -9999.0 -9999.0 -9999.0 -9999.0 -9999.0 -93.9542 -93.8447
-123.273 -120.184 -119.79 -119.882 -118.675 -118.402 -117.769 -117.518 -117.514 -116.884 -117.396 -116.514 -115.639 -115.169 -115.231 -113.471 -112.458 -112.92 -111.913 -110.802 -110.458 -109.24 -108.534 -108.035 -107.406 -107.084 -106.451 -105.283 -104.719 -103.939 -103.266 -102.904 -102.284 -101.789 -101.142 -100.256 -99.619 -99.2089 -99.4555 -98.9377 -98.9279 -98.3965 -98.1953 -97.3946 -96.9526 -96.2679 -95.556 -94.953 -9999.0 -9999.0 -9999.0 -9999.0 -9999.0 -9999.0 -9999.0 -9999.0 -9999.0 -9999.0 -9999.0 -9999.0 -9999.0 -9999.0 -9999.0 -92.28 -91.9228
-120.708 -119.875 -119.901 -119.559 -118.76 -117.087 -116.524 -115.857 -116.116 -115.109 -114.44 -113.605 -113.174 -112.347 -112.75 -112.514 -111.0 -110.294 -109.294 -109.274 -108.256 -107.646 -107.165 -106.327 -105.804 -104.846 -104.124 -103.232 -102.585 -102.057 -101.472 -101.099 -100.44 -99.86 -99.0814 -98.7027 -98.2629 -97.7818 -96.9529 -96.5055 -96.4254 -96.0534 -95.8996 -95.5373 -95.0555 -94.5084 -93.9575 -93.4614 -93.1499 -92.7872 -92.2791 -91.9005 -9999.0 -9999.0 -9999.0 -9999.0 -9999.0 -9999.0 -9999.0 -9999.0 -9999.0 -9999.0 -9999.0 -90.0761 -89.9807
-119.711 -119.546 -119.468 -118.146 -117.813 -116.265 -114.839 -114.479 -114.133 -113.63 -112.95 -111.943 -111.358 -110.838 -110.889 -110.342 -109.373 -108.521 -108.077 -107.248 -106.788 -105.762 -105.252 -104.675 -103.544 -102.772 -102.021 -101.058 -100.728 -100.187 -99.613 -99.0366 -98.5344 -97.891 -97.3229 -96.6426 -96.2263 -95.6777 -95.0169 -94.447 -94.0974 -93.8563 -93.5585 -92.9999 -92.6789 -92.1886 -91.935 -91.8874 -91.7823 -91.4671 -90.9242 -90.2803 -89.8557 -89.6436 -89.4564 -89.1962 -89.0191 -88.7896 -88.6438 -9999.0 -9999.0 -9999.0 -9999.0 -9999.0 -9999.0
-118.028 -117.736 -116.787 -117.038 -116.914 -116.635 -113.875 -113.091 -112.995 -112.303 -113.329 -111.453 -110.805 -110.546 -109.476 -107.461 -106.859 -106.318 -105.543 -104.939 -104.309 -103.654 -102.915 -102.176 -101.457 -100.517 -99.738 -99.1174 -98.6182 -98.1307 -97.5922 -96.9992 -96.1526 -95.8894 -95.0894 -94.8349 -94.3244 -93.9915 -93.4413 -93.0978 -92.5876 -92.0513 -91.5485 -91.1242 -90.8051 -90.6241 -90.268 -89.8086 -89.4474 -89.1955 -88.8929 -88.6991 -88.7504 -88.6487 -88.1414 -87.5962 -87.3155 -86.9518 -86.5974 -9999.0 -9999.0 -9999.0 -9999.0 -86.1183 -86.3034
-116.516 -115.332 -115.501 -114.439 -113.741 -112.934 -112.071 -111.377 -111.18 -111.363 -110.657 -109.41 -110.078 -109.237 -107.091 -106.07 -104.827 -103.791 -103.126 -102.71 -102.338 -101.143 -100.486 -100.116 -99.1526 -98.2609 -97.5493 -96.9581 -96.4632 -95.7682 -95.4421 -94.9271 -93.9437 -93.9206 -93.4161 -92.7307 -92.4565 -91.9962 -91.6336 -91.2282 -90.9724 -90.386 -89.9539 -89.4314 -88.8929 -88.4344 -88.0336 -87.7436 -87.2478 -87.1752 -87.063 -86.5029 -86.6396 -86.4796 -86.6803 -85.988 -85.3846 -84.8324 -84.5229 -9999.0 -9999.0 -9999.0 -9999.0 -9999.0 -84.0567
-114.982 -114.539 -113.633 -113.011 -113.139 -112.967 -112.843 -110.839 -109.687 -108.93 -109.059 -107.699 -107.125 -106.171 -104.749 -103.365 -102.599 -101.59 -100.876 -100.213 -99.6904 -98.8847 -98.1896 -97.7399 -96.6515 -95.7564 -95.1146 -94.5938 -94.0742 -93.7044 -93.332 -92.7713 -92.0413 -91.6625 -91.0989 -90.8992 -90.5637 -90.2203 -89.669 -89.3036 -88.7295 -88.5038 -87.9411 -87.5665 -87.4233 -86.6803 -86.3353 -85.8664 -85.3796 -85.0777 -84.8323 -84.6117 -84.2759 -83.9358 -83.7771 -83.5353 -83.2954 -82.9295 -82.4352 -9999.0 -9999.0 -9999.0 -9999.0 -9999.0 -82.0468
-113.808 -113.308 -113.17 -111.688 -110.621 -109.673 -110.296 -110.668 -109.293 -106.949 -106.087 -104.863 -104.266 -103.498 -102.436 -101.412 -101.619 -102.869 -99.703 -98.2757 -97.4231 -96.4366 -95.6681 -95.0131 -93.9268 -93.235 -92.5871 -91.9606 -91.5293 -91.2104 -90.8672 -90.5581 -90.0917 -89.6354 -89.097 -88.6411 -88.1373 -87.7153 -87.3299 -87.2659 -86.8137 -86.6738 -86.0979 -85.6408 -85.3522 -84.8404 -84.4963 -84.1231 -83.6174 -83.1927 -82.7928 -82.3663 -82.0825 -81.84 -81.7099 -81.391 -80.9995 -80.7144 -80.3009 -80.267 -80.2326 -9999.0 -9999.0 -80.0562 -80.0269
-112.24 -111.576 -111.046 -109.916 -109.886 -108.634 -107.747 -106.541 -105.474 -104.942 -103.809 -103.469 -102.749 -102.419 -101.545 -100.839 -99.6261 -98.4383 -97.5852 -100.179 -99.2435 -94.0124 -93.1084 -92.3259 -91.7588 -90.625 -89.9346 -89.3072 -88.7161 -88.4396 -88.0438 -88.0214 -87.7209 -87.3796 -86.9313 -86.4892 -85.9045 -85.6903 -85.3921 -85.1808 -84.8113 -84.3493 -83.5906 -83.6581 -83.3109 -82.7892 -82.353 -82.0924 -81.628 -81.149 -80.8303 -80.4841 -80.2385 -80.1093 -79.6528 -79.1124 -78.7593 -78.4622 -78.2812 -78.1097 -78.0737 -78.0453 -9999.0 -9999.0 -9999.0
-111.361 -110.746 -109.164 -108.799 -108.059 -107.009 -105.984 -104.812 -103.259 -102.367 -102.209 -101.584 -100.927 -100.301 -99.3688 -98.6673 -98.738 -97.2259 -96.2251 -94.6499 -92.5325 -91.9291 -90.3062 -89.7236 -89.1888 -88.2005 -87.3359 -86.6206 -85.9514 -85.5782 -85.415 -85.1134 -85.0181 -84.689 -84.2569 -84.2028 -84.0979 -83.6406 -83.4055 -83.2867 -82.6043 -82.5682 -82.1277 -81.3721 -80.9182 -80.2425 -80.0279 -79.7675 -79.302 -78.8194 -78.4994 -78.4701 -78.1812 -77.8495 -77.4002 -76.9628 -76.7508 -76.6227 -76.4232 -76.1246 -75.9525 -9999.0 -9999.0 -9999.0 -9999.0
-109.372 -109.018 -108.213 -106.969 -105.987 -105.234 -103.481 -102.625 -101.483 -100.396 -100.947 -99.1955 -97.9337 -97.3071 -97.9416 -96.4801 -95.1205 -93.7776 -93.0276 -93.6999 -93.3359 -92.4774 -88.0174 -86.7167 -86.0296 -85.3928 -85.0303 -83.9049 -83.1246 -82.5469 -82.4361 -82.3576 -82.2232 -82.2985 -81.7564 -81.4884 -81.5395 -81.1155 -81.1682 -80.88 -80.2376 -79.6909 -79.6454 -79.1402 -78.8575 -78.2539 -77.9146 -77.7515 -77.3557 -76.5989 -76.0888 -75.713 -75.6943 -75.6658 -75.0199 -74.6512 -74.5374 -74.4773 -74.448 -74.5025 -74.3225 -74.0137 -9999.0 -73.8837 -73.9136
-107.267 -106.993 -105.574 -104.128 -103.764 -102.87 -101.965 -100.741 -100.794 -98.2859 -98.0838 -97.0291 -95.383 -94.9929 -95.262 -94.6606 -93.5776 -91.4483 -90.568 -89.738 -89.7558 -87.2839 -85.2858 -83.8405 -83.2183 -82.3236 -82.0753 -81.1466 -80.5161 -79.7481 -79.305 -79.4496 -79.5012 -79.4987 -79.596 -78.794 -78.8956 -78.6334 -78.3853 -77.9613 -77.6515 -77.2575 -77.1186 -76.6629 -76.3384 -75.8186 -75.4572 -75.2614 -74.7495 -74.4569 -73.8478 -73.5215 -73.4235 -72.8738 -72.5947 -72.6887 -72.6313 -72.6843 -72.6105 -72.2925 -72.0626 -71.8626 -72.0144 -71.8134 -72.0749
-105.682 -104.755 -102.768 -102.886 -101.839 -100.89 -99.5686 -98.7398 -98.8861 -96.7032 -95.5556 -94.5497 -93.3121 -92.5187 -92.5716 -90.776 -90.2784 -88.8186 -87.7784 -86.4967 -86.2708 -85.8728 -85.1533 -85.3013 -80.5059 -79.4593 -78.6558 -78.2856 -77.6164 -76.6457 -76.3447 -76.5669 -76.7032 -76.7892 -76.269 -76.0883 -75.575 -75.9511 -75.3768 -75.0368 -75.2891 -75.0524 -74.8346 -74.0993 -73.9123 -73.6579 -73.3015 -72.7895 -72.9545 -72.201 -71.905 -71.3465 -71.0244 -70.8103 -70.4518 -70.8164 -71.1723 -70.871 -70.3173 -70.1423 -70.1628 -70.6586 -71.7916 -71.1576 -70.6011
-102.976 -101.822 -101.24 -100.644 -99.6463 -99.5396 -99.2318 -98.5864 -96.4226 -95.2295 -93.5898 -93.1582 -90.8861 -89.8456 -88.8818 -88.5587 -87.882 -86.9643 -86.0439 -84.3138 -82.451 -81.9104 -81.4516 -80.0723 -77.946 -76.3821 -75.6323 -75.035 -74.3011 -73.7987 -74.0768 -73.5043 -73.6041 -73.4379 -73.1353 -72.7509 -73.1281 -73.023 -72.4749 -72.3155 -72.1468 -72.2544 -72.3905 -72.2114 -70.9567 -69.9507 -69.8473 -70.5337 -70.6057 -70.2163 -70.0121 -69.2451 -68.5805 -68.3483 -68.1471 -68.8351 -68.7052 -68.3515 -68.4332 -68.8481 -69.5614 -70.2084 -70.6296 -70.4912 -70.4425
