setup_data/66098_caitjcampbell_JJA_NoAm_Map_1980_2009/66098_caitjcampbell_JJA_NoAm_Map_1980_2009/predreg.asc
ncols 291
nrows 150
xllcorner -176.5
yllcorner 3.9000015258789062
cellsize 0.5
NODATA_value -9999
[rows 0 to 28 of 150, columns 195 to 259 of 291]
-176.177 -172.444 -180.825 -180.645 -178.915 -174.601 -173.296 -168.893 -155.68 -9999.0 -9999.0 -9999.0 -9999.0 -155.675 -155.623 -157.589 -156.522 -163.079 -161.407 -162.212 -163.096 -165.067 -166.135 -165.955 -166.377 -170.91 -175.742 -177.766 -179.62 -180.994 -182.061 -182.969 -183.858 -184.624 -185.404 -186.082 -186.686 -187.382 -188.051 -188.784 -189.44 -190.169 -190.713 -191.291 -191.815 -192.261 -192.779 -193.182 -193.627 -194.069 -194.451 -194.855 -195.204 -195.68 -195.874 -196.254 -196.627 -197.125 -197.389 -197.866 -198.146 -198.593 -198.933 -199.187 -199.386
-164.869 -171.17 -171.624 -165.192 -157.215 -155.095 -154.494 -153.782 -9999.0 -9999.0 -9999.0 -9999.0 -157.362 -166.88 -174.389 -179.085 -179.104 -174.876 -172.07 -174.178 -177.399 -178.883 -180.038 -181.314 -182.439 -183.35 -184.026 -184.478 -185.054 -185.591 -186.444 -186.997 -187.68 -188.257 -188.581 -189.017 -189.382 -189.801 -190.183 -190.589 -190.988 -191.48 -192.068 -192.436 -192.814 -193.17 -193.517 -193.886 -194.218 -194.548 -194.864 -195.306 -195.636 -195.954 -196.285 -196.636 -197.009 -197.378 -197.792 -197.967 -198.44 -198.609 -198.7 -199.056 -199.218
-163.307 -154.8 -152.006 -151.989 -151.935 -151.881 -9999.0 -9999.0 -9999.0 -9999.0 -9999.0 -9999.0 -9999.0 -151.714 -151.661 -151.79 -152.065 -151.869 -161.658 -168.438 -152.468 -164.924 -162.214 -160.171 -152.515 -153.999 -163.443 -165.486 -168.435 -172.335 -176.487 -180.885 -182.801 -184.546 -186.113 -187.425 -188.398 -189.162 -189.824 -190.348 -190.851 -191.197 -191.689 -192.067 -192.371 -192.766 -193.104 -193.584 -193.931 -194.335 -194.645 -195.013 -195.361 -195.749 -196.064 -196.432 -196.825 -197.143 -197.516 -197.726 -197.871 -198.243 -198.458 -198.656 -198.89
-150.046 -149.992 -9999.0 -9999.0 -9999.0 -9999.0 -9999.0 -9999.0 -9999.0 -9999.0 -9999.0 -9999.0 -9999.0 -149.713 -149.627 -149.611 -154.272 -159.745 -161.496 -168.406 -162.411 -161.271 -158.366 -162.949 -149.909 -162.544 -160.351 -165.836 -168.998 -172.059 -177.631 -179.556 -181.069 -182.482 -183.734 -184.542 -184.944 -185.117 -185.249 -185.621 -186.078 -186.527 -187.033 -187.557 -188.077 -188.49 -189.177 -189.927 -190.623 -191.257 -191.903 -192.443 -193.022 -193.612 -194.28 -194.874 -195.496 -195.915 -196.428 -196.871 -197.227 -197.531 -197.828 -198.112 -198.347
-157.355 -157.453 -148.101 -9999.0 -9999.0 -9999.0 -9999.0 -9999.0 -9999.0 -9999.0 -9999.0 -9999.0 -9999.0 -9999.0 -9999.0 -147.629 -147.613 -147.775 -147.906 -147.885 -148.01 -148.028 -151.49 -156.017 -164.006 -165.815 -168.491 -168.472 -170.344 -171.418 -171.559 -171.869 -171.521 -171.437 -173.489 -171.963 -173.531 -174.408 -175.185 -176.252 -177.265 -178.019 -178.954 -180.488 -181.584 -182.825 -183.789 -184.963 -186.032 -187.392 -188.406 -189.34 -190.03 -190.891 -191.675 -192.358 -193.154 -193.769 -194.44 -194.988 -195.591 -196.099 -196.548 -196.918 -197.382
-146.172 -9999.0 -9999.0 -9999.0 -9999.0 -9999.0 -9999.0 -9999.0 -9999.0 -9999.0 -9999.0 -9999.0 -9999.0 -9999.0 -9999.0 -9999.0 -9999.0 -9999.0 -145.649 -145.594 -145.68 -153.959 -156.196 -149.313 -145.887 -145.919 -148.108 -146.01 -146.001 -145.847 -145.947 -145.829 -145.895 -145.851 -146.064 -146.202 -153.71 -153.605 -156.525 -161.421 -165.429 -168.491 -170.823 -172.237 -174.524 -175.962 -178.175 -180.288 -182.086 -183.504 -184.584 -185.832 -186.747 -187.954 -188.934 -189.774 -190.531 -191.23 -192.064 -192.785 -193.492 -194.127 -194.747 -195.279 -195.855
-9999.0 -9999.0 -9999.0 -9999.0 -9999.0 -9999.0 -9999.0 -9999.0 -9999.0 -9999.0 -9999.0 -9999.0 -9999.0 -9999.0 -9999.0 -9999.0 -9999.0 -9999.0 -9999.0 -9999.0 -9999.0 -9999.0 -9999.0 -143.557 -143.655 -9999.0 -9999.0 -9999.0 -9999.0 -9999.0 -9999.0 -9999.0 -9999.0 -9999.0 -9999.0 -9999.0 -9999.0 -143.643 -143.672 -143.739 -143.991 -147.93 -154.074 -162.646 -165.42 -168.424 -171.496 -173.851 -175.677 -177.321 -179.25 -180.91 -182.598 -183.754 -185.032 -185.978 -187.085 -188.132 -188.973 -189.942 -190.842 -191.763 -192.563 -193.22 -193.812
-9999.0 -9999.0 -9999.0 -9999.0 -9999.0 -9999.0 -9999.0 -9999.0 -9999.0 -9999.0 -9999.0 -9999.0 -9999.0 -9999.0 -9999.0 -9999.0 -9999.0 -9999.0 -9999.0 -9999.0 -9999.0 -9999.0 -9999.0 -9999.0 -9999.0 -9999.0 -9999.0 -9999.0 -9999.0 -9999.0 -9999.0 -9999.0 -9999.0 -9999.0 -9999.0 -9999.0 -9999.0 -9999.0 -9999.0 -9999.0 -9999.0 -141.636 -144.457 -151.654 -154.218 -159.833 -162.797 -166.3 -168.889 -171.725 -173.834 -176.121 -177.9 -179.692 -181.217 -182.773 -183.945 -185.049 -186.365 -187.451 -188.484 -189.242 -190.202 -190.876 -191.676
-9999.0 -9999.0 -9999.0 -9999.0 -9999.0 -9999.0 -9999.0 -9999.0 -9999.0 -9999.0 -9999.0 -9999.0 -9999.0 -9999.0 -9999.0 -9999.0 -9999.0 -9999.0 -9999.0 -9999.0 -9999.0 -9999.0 -9999.0 -9999.0 -9999.0 -9999.0 -9999.0 -9999.0 -9999.0 -9999.0 -9999.0 -9999.0 -9999.0 -9999.0 -9999.0 -9999.0 -9999.0 -9999.0 -9999.0 -9999.0 -9999.0 -9999.0 -139.772 -139.692 -140.022 -145.122 -152.717 -160.213 -163.339 -166.025 -169.035 -171.928 -173.969 -175.805 -177.826 -179.591 -181.091 -182.274 -183.447 -184.728 -185.873 -186.815 -187.671 -188.664 -189.511
-9999.0 -9999.0 -9999.0 -9999.0 -9999.0 -9999.0 -9999.0 -9999.0 -9999.0 -9999.0 -9999.0 -9999.0 -9999.0 -9999.0 -9999.0 -9999.0 -9999.0 -9999.0 -9999.0 -9999.0 -9999.0 -9999.0 -9999.0 -9999.0 -9999.0 -9999.0 -9999.0 -9999.0 -9999.0 -9999.0 -9999.0 -9999.0 -9999.0 -9999.0 -9999.0 -9999.0 -9999.0 -9999.0 -9999.0 -9999.0 -9999.0 -9999.0 -9999.0 -139.537 -137.879 -138.877 -150.19 -157.048 -159.494 -163.494 -166.095 -168.39 -171.075 -172.81 -174.965 -176.617 -178.073 -179.576 -181.13 -182.433 -183.446 -184.529 -185.641 -186.582 -187.474
-136.851 -136.866 -136.832 -9999.0 -9999.0 -9999.0 -9999.0 -9999.0 -9999.0 -9999.0 -9999.0 -9999.0 -9999.0 -9999.0 -9999.0 -9999.0 -9999.0 -9999.0 -9999.0 -9999.0 -9999.0 -9999.0 -9999.0 -9999.0 -9999.0 -9999.0 -9999.0 -9999.0 -9999.0 -9999.0 -9999.0 -9999.0 -9999.0 -9999.0 -9999.0 -9999.0 -9999.0 -9999.0 -9999.0 -9999.0 -9999.0 -9999.0 -9999.0 -9999.0 -136.01 -136.043 -140.478 -146.555 -153.735 -157.088 -160.602 -164.001 -167.0 -169.221 -171.481 -173.442 -175.297 -177.064 -178.628 -180.066 -181.242 -182.482 -183.468 -184.607 -185.53
-162.788 -162.016 -156.754 -145.819 -135.978 -134.802 -9999.0 -9999.0 -9999.0 -9999.0 -9999.0 -9999.0 -9999.0 -9999.0 -9999.0 -9999.0 -9999.0 -9999.0 -9999.0 -9999.0 -9999.0 -9999.0 -9999.0 -9999.0 -9999.0 -9999.0 -9999.0 -9999.0 -9999.0 -9999.0 -9999.0 -9999.0 -9999.0 -9999.0 -9999.0 -9999.0 -9999.0 -9999.0 -9999.0 -9999.0 -9999.0 -9999.0 -9999.0 -9999.0 -9999.0 -134.27 -134.26 -144.553 -145.295 -148.488 -153.352 -158.048 -161.867 -164.998 -167.865 -170.191 -172.36 -174.461 -175.989 -177.654 -179.116 -180.423 -181.519 -182.727 -183.829
-133.76 -133.848 -139.528 -153.357 -135.229 -133.429 -9999.0 -9999.0 -9999.0 -9999.0 -9999.0 -9999.0 -9999.0 -9999.0 -9999.0 -9999.0 -9999.0 -9999.0 -9999.0 -9999.0 -9999.0 -9999.0 -9999.0 -9999.0 -9999.0 -9999.0 -9999.0 -9999.0 -9999.0 -9999.0 -9999.0 -9999.0 -9999.0 -9999.0 -9999.0 -9999.0 -9999.0 -9999.0 -9999.0 -9999.0 -9999.0 -9999.0 -9999.0 -9999.0 -9999.0 -132.514 -132.647 -132.67 -135.047 -143.957 -146.383 -153.669 -158.664 -162.665 -165.522 -167.554 -170.096 -171.936 -173.846 -175.675 -177.208 -178.589 -179.846 -180.929 -181.899
-133.615 -143.023 -142.378 -149.913 -148.103 -151.245 -131.876 -140.975 -131.085 -9999.0 -9999.0 -9999.0 -9999.0 -9999.0 -9999.0 -9999.0 -9999.0 -9999.0 -9999.0 -9999.0 -9999.0 -9999.0 -9999.0 -9999.0 -9999.0 -9999.0 -9999.0 -9999.0 -9999.0 -9999.0 -9999.0 -9999.0 -9999.0 -9999.0 -9999.0 -9999.0 -9999.0 -9999.0 -9999.0 -9999.0 -9999.0 -9999.0 -9999.0 -9999.0 -9999.0 -9999.0 -130.601 -136.727 -140.94 -150.325 -131.27 -153.795 -160.049 -163.26 -165.457 -163.811 -166.916 -167.873 -169.117 -170.264 -172.054 -173.817 -175.164 -176.642 -178.1
-140.621 -141.496 -139.46 -133.496 -141.492 -140.852 -147.936 -151.064 -144.64 -129.525 -129.267 -9999.0 -129.233 -129.247 -9999.0 -9999.0 -9999.0 -9999.0 -9999.0 -9999.0 -9999.0 -9999.0 -9999.0 -9999.0 -9999.0 -9999.0 -9999.0 -9999.0 -9999.0 -9999.0 -9999.0 -9999.0 -9999.0 -9999.0 -9999.0 -9999.0 -9999.0 -9999.0 -9999.0 -9999.0 -9999.0 -9999.0 -9999.0 -9999.0 -9999.0 -9999.0 -127.06 -133.332 -133.99 -132.352 -128.924 -129.17 -129.229 -138.032 -141.9 -153.297 -156.922 -157.179 -160.783 -164.373 -167.428 -169.465 -171.224 -172.557 -174.243
-130.579 -131.445 -133.037 -138.56 -139.082 -139.263 -131.457 -135.498 -136.447 -141.092 -127.962 -128.052 -139.237 -139.864 -147.372 -127.443 -9999.0 -9999.0 -9999.0 -9999.0 -9999.0 -9999.0 -9999.0 -9999.0 -9999.0 -9999.0 -9999.0 -9999.0 -9999.0 -9999.0 -9999.0 -9999.0 -9999.0 -9999.0 -9999.0 -9999.0 -9999.0 -9999.0 -9999.0 -9999.0 -9999.0 -9999.0 -9999.0 -9999.0 -9999.0 -9999.0 -9999.0 -127.072 -126.927 -127.021 -127.071 -126.812 -127.195 -127.278 -132.096 -131.632 -147.952 -153.517 -156.805 -159.958 -162.423 -164.594 -166.467 -167.878 -169.599
-130.024 -131.55 -131.694 -131.868 -133.195 -136.819 -137.305 -135.555 -137.012 -137.536 -138.083 -136.621 -135.609 -148.088 -134.092 -146.38 -137.106 -125.582 -128.473 -128.327 -125.118 -9999.0 -9999.0 -9999.0 -9999.0 -9999.0 -9999.0 -9999.0 -9999.0 -9999.0 -9999.0 -9999.0 -9999.0 -9999.0 -9999.0 -9999.0 -9999.0 -9999.0 -9999.0 -9999.0 -9999.0 -9999.0 -9999.0 -9999.0 -9999.0 -9999.0 -9999.0 -9999.0 -125.221 -134.046 -149.111 -143.997 -151.632 -125.324 -125.065 -125.007 -125.86 -140.311 -148.841 -153.269 -156.476 -159.664 -161.788 -164.112 -165.796
-124.074 -124.018 -124.073 -130.067 -127.432 -129.963 -129.962 -130.28 -130.021 -141.862 -144.135 -141.409 -134.282 -130.227 -133.123 -137.087 -130.49 -129.041 -124.288 -135.502 -126.399 -123.098 -123.591 -9999.0 -9999.0 -9999.0 -9999.0 -9999.0 -9999.0 -9999.0 -9999.0 -9999.0 -9999.0 -9999.0 -9999.0 -9999.0 -9999.0 -9999.0 -9999.0 -9999.0 -9999.0 -9999.0 -9999.0 -9999.0 -9999.0 -9999.0 -9999.0 -9999.0 -129.55 -144.116 -140.127 -132.948 -123.928 -130.402 -141.999 -131.984 -125.766 -129.713 -140.075 -146.439 -151.728 -155.481 -157.456 -160.084 -161.814
-122.348 -122.254 -122.27 -122.214 -122.952 -125.323 -125.123 -126.095 -124.817 -128.18 -128.637 -129.894 -131.481 -136.378 -130.667 -130.737 -140.104 -134.584 -139.412 -143.535 -122.579 -122.453 -121.533 -121.213 -9999.0 -9999.0 -9999.0 -9999.0 -9999.0 -9999.0 -9999.0 -9999.0 -9999.0 -9999.0 -9999.0 -9999.0 -9999.0 -9999.0 -9999.0 -9999.0 -9999.0 -9999.0 -9999.0 -9999.0 -9999.0 -9999.0 -9999.0 -9999.0 -126.045 -129.155 -131.658 -132.657 -137.096 -128.434 -121.433 -121.194 -124.706 -130.065 -138.39 -143.943 -147.221 -150.579 -153.554 -155.994 -157.746
-120.527 -120.5 -9999.0 -120.281 -120.441 -120.423 -120.153 -122.808 -121.191 -121.886 -123.903 -124.251 -127.105 -125.875 -129.153 -129.291 -132.311 -130.081 -137.604 -142.04 -121.048 -126.257 -119.7 -119.456 -119.173 -9999.0 -9999.0 -9999.0 -9999.0 -9999.0 -9999.0 -9999.0 -9999.0 -9999.0 -9999.0 -9999.0 -9999.0 -9999.0 -9999.0 -9999.0 -9999.0 -9999.0 -9999.0 -9999.0 -9999.0 -9999.0 -9999.0 -9999.0 -9999.0 -120.345 -119.878 -119.833 -120.014 -119.97 -9999.0 -119.63 -119.492 -121.963 -124.06 -133.277 -140.238 -145.377 -148.491 -152.004 -154.704
-118.852 -9999.0 -9999.0 -9999.0 -118.736 -118.504 -118.734 -118.397 -118.415 -118.492 -118.533 -119.903 -121.355 -124.249 -124.604 -126.608 -124.678 -125.565 -122.836 -129.85 -118.386 -117.29 -9999.0 -9999.0 -9999.0 -9999.0 -9999.0 -9999.0 -9999.0 -9999.0 -9999.0 -9999.0 -9999.0 -9999.0 -9999.0 -9999.0 -9999.0 -9999.0 -9999.0 -9999.0 -9999.0 -9999.0 -9999.0 -9999.0 -9999.0 -9999.0 -9999.0 -9999.0 -9999.0 -9999.0 -9999.0 -118.532 -118.446 -117.716 -118.312 -117.576 -121.7 -129.033 -133.999 -138.562 -142.257 -145.363 -148.125 -150.39 -152.873
-117.124 -9999.0 -9999.0 -9999.0 -117.198 -117.005 -116.977 -116.734 -117.13 -116.794 -117.241 -116.976 -117.232 -119.951 -121.94 -123.464 -124.106 -123.249 -122.898 -125.596 -124.137 -125.636 -127.322 -130.211 -115.847 -9999.0 -9999.0 -9999.0 -9999.0 -9999.0 -9999.0 -9999.0 -9999.0 -9999.0 -9999.0 -9999.0 -9999.0 -9999.0 -9999.0 -9999.0 -9999.0 -9999.0 -9999.0 -9999.0 -9999.0 -9999.0 -9999.0 -9999.0 -9999.0 -9999.0 -9999.0 -116.539 -116.466 -116.291 -116.099 -116.163 -117.636 -125.024 -131.335 -136.999 -141.765 -144.291 -146.738 -148.92 -151.341
-9999.0 -9999.0 -9999.0 -115.163 -115.722 -116.145 -115.795 -115.239 -115.531 -115.232 -115.287 -9999.0 -115.826 -116.277 -117.035 -118.462 -118.282 -118.477 -121.116 -122.158 -123.367 -124.74 -127.861 -122.448 -133.828 -131.248 -130.392 -114.653 -128.005 -114.426 -9999.0 -9999.0 -9999.0 -9999.0 -9999.0 -9999.0 -9999.0 -9999.0 -9999.0 -9999.0 -9999.0 -9999.0 -9999.0 -9999.0 -9999.0 -9999.0 -9999.0 -9999.0 -9999.0 -9999.0 -115.679 -115.284 -119.55 -123.812 -114.685 -116.24 -118.006 -122.743 -128.014 -135.25 -140.064 -142.774 -145.767 -148.085 -150.564
-9999.0 -9999.0 -9999.0 -113.667 -113.548 -113.458 -113.447 -113.749 -9999.0 -9999.0 -9999.0 -9999.0 -114.097 -113.9 -114.549 -114.69 -116.581 -117.86 -119.522 -119.103 -120.103 -120.138 -122.847 -125.353 -132.477 -136.127 -148.205 -132.603 -128.524 -124.674 -121.258 -112.358 -113.337 -9999.0 -9999.0 -9999.0 -9999.0 -9999.0 -9999.0 -9999.0 -9999.0 -9999.0 -9999.0 -9999.0 -9999.0 -9999.0 -9999.0 -9999.0 -9999.0 -9999.0 -120.044 -126.283 -127.786 -127.422 -125.371 -113.073 -118.75 -118.845 -128.445 -133.227 -138.043 -141.222 -143.642 -146.836 -149.748
-9999.0 -9999.0 -9999.0 -9999.0 -9999.0 -9999.0 -9999.0 -9999.0 -9999.0 -9999.0 -9999.0 -112.378 -112.378 -113.296 -112.75 -112.918 -112.981 -112.652 -112.672 -114.17 -114.092 -114.252 -119.605 -117.607 -115.562 -118.357 -127.335 -130.927 -130.561 -124.347 -133.354 -134.296 -119.167 -128.768 -112.169 -112.535 -9999.0 -9999.0 -9999.0 -9999.0 -9999.0 -9999.0 -9999.0 -9999.0 -9999.0 -9999.0 -9999.0 -9999.0 -9999.0 -9999.0 -112.848 -117.244 -125.803 -118.014 -126.268 -119.506 -126.885 -122.42 -122.661 -128.092 -135.819 -140.961 -144.291 -147.007 -149.418
-9999.0 -9999.0 -9999.0 -9999.0 -9999.0 -9999.0 -9999.0 -9999.0 -9999.0 -110.391 -110.547 -111.198 -112.914 -112.094 -111.799 -111.283 -113.122 -111.507 -111.481 -111.11 -113.142 -110.36 -112.877 -109.977 -110.168 -110.313 -111.559 -115.833 -115.523 -127.59 -131.108 -130.311 -121.302 -111.063 -111.031 -9999.0 -9999.0 -9999.0 -9999.0 -9999.0 -9999.0 -9999.0 -9999.0 -9999.0 -9999.0 -9999.0 -9999.0 -9999.0 -9999.0 -9999.0 -111.358 -112.765 -133.253 -137.674 -132.909 -137.559 -129.113 -133.045 -131.124 -135.404 -138.381 -141.742 -145.395 -147.978 -150.123
-9999.0 -9999.0 -9999.0 -9999.0 -9999.0 -9999.0 -9999.0 -9999.0 -9999.0 -109.003 -108.843 -109.488 -110.51 -111.323 -111.186 -111.09 -111.95 -112.71 -114.461 -114.978 -114.633 -113.153 -109.843 -108.854 -9999.0 -9999.0 -108.711 -108.789 -115.493 -116.541 -115.485 -109.114 -111.686 -109.447 -9999.0 -9999.0 -9999.0 -9999.0 -9999.0 -9999.0 -9999.0 -9999.0 -9999.0 -9999.0 -9999.0 -9999.0 -9999.0 -9999.0 -9999.0 -9999.0 -9999.0 -112.049 -117.428 -123.699 -119.316 -119.422 -118.9 -121.536 -130.159 -135.703 -138.958 -142.06 -145.329 -148.485 -150.925
-9999.0 -9999.0 -107.075 -107.603 -108.163 -107.669 -106.993 -107.109 -107.224 -107.559 -108.217 -109.614 -108.703 -109.741 -110.941 -109.687 -110.54 -111.251 -114.237 -113.419 -114.862 -116.229 -115.307 -112.497 -107.403 -9999.0 -9999.0 -107.435 -107.323 -112.586 -113.226 -9999.0 -9999.0 -9999.0 -9999.0 -9999.0 -9999.0 -9999.0 -9999.0 -9999.0 -9999.0 -9999.0 -9999.0 -9999.0 -9999.0 -9999.0 -9999.0 -9999.0 -9999.0 -9999.0 -9999.0 -9999.0 -9999.0 -110.891 -116.261 -114.21 -117.028 -122.895 -129.384 -136.164 -138.8 -142.856 -146.106 -149.022 -151.369
-9999.0 -105.479 -108.592 -110.949 -109.079 -107.079 -105.544 -105.596 -105.496 -105.594 -106.456 -108.617 -111.385 -108.339 -108.036 -108.053 -108.987 -109.583 -110.573 -113.13 -115.149 -115.748 -118.298 -117.533 -115.703 -115.856 -111.751 -9999.0 -9999.0 -9999.0 -106.427 -9999.0 -9999.0 -9999.0 -9999.0 -9999.0 -9999.0 -9999.0 -9999.0 -9999.0 -9999.0 -9999.0 -9999.0 -9999.0 -9999.0 -9999.0 -9999.0 -9999.0 -9999.0 -9999.0 -9999.0 -9999.0 -9999.0 -106.952 -113.368 -108.23 -108.438 -107.723 -118.635 -131.323 -137.68 -142.358 -146.648 -149.451 -151.316
