setup_data/66098_caitjcampbell_JJA_NoAm_Map_1980_2009/66098_caitjcampbell_JJA_NoAm_Map_1980_2009/predreg.asc
ncols 291
nrows 150
xllcorner -176.5
yllcorner 3.9000015258789062
cellsize 0.5
NODATA_value -9999
[rows 0 to 28 of 150, columns 65 to 129 of 291]
-9999.0 -9999.0 -9999.0 -9999.0 -9999.0 -9999.0 -9999.0 -9999.0 -9999.0 -9999.0 -9999.0 -9999.0 -9999.0 -9999.0 -9999.0 -9999.0 -9999.0 -9999.0 -9999.0 -9999.0 -9999.0 -9999.0 -9999.0 -9999.0 -9999.0 -9999.0 -9999.0 -9999.0 -9999.0 -9999.0 -9999.0 -9999.0 -9999.0 -9999.0 -9999.0 -9999.0 -9999.0 -9999.0 -9999.0 -9999.0 -9999.0 -9999.0 -9999.0 -9999.0 -9999.0 -9999.0 -9999.0 -9999.0 -9999.0 -9999.0 -9999.0 -9999.0 -9999.0 -9999.0 -9999.0 -9999.0 -9999.0 -9999.0 -9999.0 -9999.0 -9999.0 -9999.0 -9999.0 -9999.0 -156.532
-9999.0 -9999.0 -9999.0 -9999.0 -9999.0 -9999.0 -9999.0 -9999.0 -9999.0 -9999.0 -9999.0 -9999.0 -9999.0 -9999.0 -9999.0 -9999.0 -9999.0 -9999.0 -9999.0 -9999.0 -9999.0 -9999.0 -9999.0 -9999.0 -9999.0 -9999.0 -9999.0 -9999.0 -9999.0 -9999.0 -9999.0 -9999.0 -9999.0 -9999.0 -9999.0 -9999.0 -9999.0 -9999.0 -9999.0 -9999.0 -9999.0 -9999.0 -9999.0 -9999.0 -9999.0 -9999.0 -9999.0 -9999.0 -9999.0 -9999.0 -9999.0 -9999.0 -9999.0 -9999.0 -9999.0 -9999.0 -9999.0 -9999.0 -9999.0 -9999.0 -9999.0 -154.539 -154.481 -154.497 -154.212
-9999.0 -9999.0 -9999.0 -9999.0 -9999.0 -9999.0 -9999.0 -9999.0 -9999.0 -9999.0 -9999.0 -9999.0 -9999.0 -9999.0 -9999.0 -9999.0 -9999.0 -9999.0 -9999.0 -9999.0 -9999.0 -9999.0 -9999.0 -9999.0 -9999.0 -9999.0 -9999.0 -9999.0 -9999.0 -9999.0 -9999.0 -9999.0 -9999.0 -9999.0 -9999.0 -9999.0 -9999.0 -9999.0 -9999.0 -9999.0 -9999.0 -9999.0 -9999.0 -9999.0 -9999.0 -9999.0 -9999.0 -9999.0 -9999.0 -9999.0 -9999.0 -9999.0 -9999.0 -9999.0 -9999.0 -9999.0 -9999.0 -9999.0 -152.67 -152.312 -152.629 -152.543 -152.673 -153.551 -153.366
-9999.0 -9999.0 -9999.0 -9999.0 -9999.0 -9999.0 -9999.0 -9999.0 -9999.0 -9999.0 -9999.0 -9999.0 -9999.0 -9999.0 -9999.0 -9999.0 -9999.0 -9999.0 -9999.0 -9999.0 -9999.0 -9999.0 -9999.0 -9999.0 -9999.0 -9999.0 -9999.0 -9999.0 -9999.0 -9999.0 -9999.0 -9999.0 -9999.0 -9999.0 -9999.0 -9999.0 -9999.0 -9999.0 -9999.0 -9999.0 -9999.0 -9999.0 -9999.0 -9999.0 -9999.0 -9999.0 -9999.0 -9999.0 -151.045 -151.422 -151.147 -151.399 -151.423 -151.605 -151.042 -150.553 -150.793 -9999.0 -9999.0 -9999.0 -9999.0 -9999.0 -150.557 -150.497 -150.475
-9999.0 -9999.0 -9999.0 -9999.0 -9999.0 -9999.0 -9999.0 -9999.0 -9999.0 -9999.0 -9999.0 -9999.0 -9999.0 -9999.0 -9999.0 -9999.0 -9999.0 -9999.0 -9999.0 -9999.0 -9999.0 -9999.0 -9999.0 -9999.0 -9999.0 -9999.0 -9999.0 -9999.0 -9999.0 -9999.0 -9999.0 -9999.0 -9999.0 -9999.0 -9999.0 -9999.0 -9999.0 -9999.0 -9999.0 -9999.0 -9999.0 -9999.0 -9999.0 -9999.0 -9999.0 -149.085 -149.259 -149.712 -150.451 -149.321 -150.585 -148.956 -150.103 -149.687 -149.535 -148.685 -9999.0 -9999.0 -148.547 -148.526 -148.769 -9999.0 -9999.0 -9999.0 -9999.0
-9999.0 -9999.0 -9999.0 -9999.0 -9999.0 -9999.0 -9999.0 -9999.0 -9999.0 -9999.0 -9999.0 -9999.0 -9999.0 -9999.0 -9999.0 -9999.0 -9999.0 -9999.0 -9999.0 -9999.0 -9999.0 -9999.0 -9999.0 -9999.0 -9999.0 -9999.0 -9999.0 -9999.0 -9999.0 -9999.0 -9999.0 -9999.0 -9999.0 -9999.0 -9999.0 -9999.0 -9999.0 -9999.0 -9999.0 -9999.0 -9999.0 -9999.0 -147.137 -147.047 -147.249 -148.372 -147.108 -149.831 -149.381 -148.24 -147.195 -9999.0 -147.004 -147.057 -147.037 -149.459 -150.725 -149.476 -149.235 -150.178 -149.155 -147.508 -147.37 -9999.0 -9999.0
-9999.0 -9999.0 -9999.0 -9999.0 -9999.0 -9999.0 -9999.0 -9999.0 -9999.0 -9999.0 -9999.0 -9999.0 -9999.0 -9999.0 -9999.0 -9999.0 -9999.0 -9999.0 -9999.0 -9999.0 -9999.0 -9999.0 -9999.0 -9999.0 -9999.0 -9999.0 -9999.0 -9999.0 -9999.0 -9999.0 -9999.0 -9999.0 -9999.0 -9999.0 -9999.0 -9999.0 -9999.0 -9999.0 -9999.0 -9999.0 -9999.0 -9999.0 -145.258 -145.231 -9999.0 -145.252 -145.301 -145.275 -145.213 -145.301 -145.205 -145.221 -145.161 -145.141 -149.79 -149.503 -145.003 -147.63 -153.44 -151.27 -153.11 -150.851 -150.347 -150.44 -146.643
-9999.0 -9999.0 -9999.0 -9999.0 -9999.0 -9999.0 -9999.0 -9999.0 -9999.0 -9999.0 -9999.0 -9999.0 -9999.0 -9999.0 -9999.0 -9999.0 -9999.0 -9999.0 -9999.0 -9999.0 -9999.0 -9999.0 -9999.0 -9999.0 -9999.0 -9999.0 -9999.0 -9999.0 -9999.0 -9999.0 -9999.0 -9999.0 -9999.0 -9999.0 -143.367 -9999.0 -9999.0 -9999.0 -9999.0 -9999.0 -9999.0 -9999.0 -9999.0 -9999.0 -9999.0 -9999.0 -9999.0 -9999.0 -9999.0 -9999.0 -9999.0 -9999.0 -143.257 -143.162 -145.653 -145.63 -145.77 -142.957 -147.002 -142.965 -148.886 -147.223 -142.827 -147.109 -142.707
-9999.0 -9999.0 -9999.0 -9999.0 -9999.0 -9999.0 -9999.0 -9999.0 -9999.0 -9999.0 -9999.0 -9999.0 -9999.0 -9999.0 -9999.0 -9999.0 -9999.0 -9999.0 -9999.0 -9999.0 -9999.0 -9999.0 -9999.0 -9999.0 -9999.0 -9999.0 -9999.0 -9999.0 -9999.0 -9999.0 -9999.0 -9999.0 -9999.0 -9999.0 -9999.0 -9999.0 -9999.0 -9999.0 -9999.0 -9999.0 -9999.0 -9999.0 -9999.0 -9999.0 -9999.0 -9999.0 -9999.0 -9999.0 -9999.0 -9999.0 -9999.0 -9999.0 -9999.0 -9999.0 -9999.0 -9999.0 -141.247 -141.19 -9999.0 -143.86 -145.322 -143.487 -143.5 -143.614 -142.048
-9999.0 -9999.0 -9999.0 -9999.0 -9999.0 -9999.0 -9999.0 -9999.0 -9999.0 -9999.0 -9999.0 -9999.0 -9999.0 -9999.0 -9999.0 -9999.0 -9999.0 -9999.0 -9999.0 -9999.0 -9999.0 -9999.0 -9999.0 -9999.0 -9999.0 -9999.0 -9999.0 -9999.0 -9999.0 -9999.0 -9999.0 -9999.0 -9999.0 -9999.0 -9999.0 -9999.0 -9999.0 -9999.0 -139.501 -139.62 -140.635 -141.348 -142.316 -142.902 -144.523 -143.451 -142.481 -142.34 -139.658 -142.211 -139.965 -144.361 -144.49 -143.401 -9999.0 -9999.0 -9999.0 -9999.0 -9999.0 -9999.0 -139.179 -139.082 -139.06 -139.038 -139.014
-9999.0 -9999.0 -9999.0 -9999.0 -9999.0 -9999.0 -9999.0 -9999.0 -9999.0 -9999.0 -9999.0 -9999.0 -9999.0 -9999.0 -9999.0 -9999.0 -9999.0 -9999.0 -9999.0 -9999.0 -9999.0 -9999.0 -9999.0 -9999.0 -9999.0 -9999.0 -9999.0 -9999.0 -9999.0 -9999.0 -9999.0 -9999.0 -9999.0 -9999.0 -9999.0 -9999.0 -9999.0 -9999.0 -9999.0 -137.646 -137.756 -138.489 -140.302 -139.952 -140.107 -140.494 -143.418 -140.766 -141.049 -141.293 -143.203 -142.188 -142.21 -140.657 -140.803 -140.06 -137.767 -9999.0 -9999.0 -9999.0 -9999.0 -9999.0 -9999.0 -9999.0 -9999.0
-9999.0 -9999.0 -9999.0 -9999.0 -9999.0 -9999.0 -9999.0 -9999.0 -9999.0 -9999.0 -9999.0 -9999.0 -9999.0 -9999.0 -9999.0 -9999.0 -9999.0 -9999.0 -9999.0 -9999.0 -9999.0 -9999.0 -9999.0 -9999.0 -9999.0 -9999.0 -9999.0 -9999.0 -9999.0 -9999.0 -9999.0 -9999.0 -9999.0 -9999.0 -9999.0 -9999.0 -9999.0 -9999.0 -135.852 -137.192 -140.147 -138.328 -138.904 -138.215 -137.78 -140.465 -141.267 -138.793 -140.854 -138.35 -138.651 -139.529 -139.822 -138.517 -135.736 -135.64 -135.632 -137.049 -138.051 -139.495 -9999.0 -9999.0 -9999.0 -9999.0 -9999.0
-9999.0 -9999.0 -9999.0 -9999.0 -9999.0 -9999.0 -9999.0 -9999.0 -9999.0 -9999.0 -9999.0 -9999.0 -9999.0 -9999.0 -9999.0 -9999.0 -9999.0 -9999.0 -9999.0 -9999.0 -9999.0 -9999.0 -9999.0 -9999.0 -9999.0 -9999.0 -9999.0 -9999.0 -9999.0 -9999.0 -9999.0 -9999.0 -9999.0 -9999.0 -9999.0 -9999.0 -9999.0 -9999.0 -134.332 -136.009 -137.233 -138.244 -136.653 -138.676 -136.378 -136.823 -138.156 -137.838 -136.789 -134.711 -134.176 -134.19 -136.868 -136.131 -138.049 -137.95 -136.948 -136.695 -134.94 -133.643 -133.624 -138.124 -136.325 -136.912 -136.136
-9999.0 -9999.0 -9999.0 -9999.0 -9999.0 -9999.0 -9999.0 -9999.0 -9999.0 -9999.0 -9999.0 -9999.0 -9999.0 -9999.0 -9999.0 -9999.0 -9999.0 -9999.0 -9999.0 -9999.0 -9999.0 -9999.0 -9999.0 -9999.0 -9999.0 -9999.0 -9999.0 -9999.0 -9999.0 -9999.0 -9999.0 -9999.0 -9999.0 -9999.0 -9999.0 -9999.0 -132.202 -133.646 -134.505 -135.022 -134.946 -135.497 -136.538 -135.686 -136.871 -135.546 -135.792 -134.737 -132.326 -132.301 -132.277 -135.057 -136.473 -134.892 -135.925 -134.741 -134.846 -136.253 -135.553 -134.251 -134.698 -135.947 -134.982 -135.45 -136.342
-9999.0 -9999.0 -9999.0 -9999.0 -9999.0 -9999.0 -9999.0 -9999.0 -9999.0 -9999.0 -9999.0 -9999.0 -9999.0 -9999.0 -9999.0 -9999.0 -9999.0 -9999.0 -9999.0 -9999.0 -9999.0 -9999.0 -9999.0 -9999.0 -9999.0 -9999.0 -9999.0 -9999.0 -9999.0 -9999.0 -9999.0 -9999.0 -9999.0 -9999.0 -9999.0 -9999.0 -130.462 -130.436 -130.452 -130.391 -133.215 -132.584 -134.624 -137.911 -132.499 -135.072 -136.856 -130.578 -9999.0 -130.491 -130.579 -132.29 -133.008 -133.976 -135.671 -132.266 -135.588 -133.209 -133.281 -135.57 -135.437 -135.306 -135.906 -135.519 -135.091
-9999.0 -9999.0 -9999.0 -9999.0 -9999.0 -9999.0 -9999.0 -9999.0 -9999.0 -9999.0 -9999.0 -9999.0 -9999.0 -9999.0 -9999.0 -9999.0 -9999.0 -9999.0 -9999.0 -9999.0 -9999.0 -9999.0 -9999.0 -9999.0 -9999.0 -9999.0 -9999.0 -9999.0 -9999.0 -9999.0 -9999.0 -9999.0 -9999.0 -9999.0 -9999.0 -9999.0 -9999.0 -9999.0 -9999.0 -9999.0 -128.716 -134.456 -128.85 -128.951 -128.78 -128.793 -128.844 -9999.0 -9999.0 -9999.0 -9999.0 -128.684 -129.971 -131.16 -131.871 -132.857 -131.18 -131.966 -133.966 -132.421 -131.643 -132.159 -132.117 -132.155 -132.111
-9999.0 -9999.0 -9999.0 -9999.0 -9999.0 -9999.0 -9999.0 -9999.0 -9999.0 -9999.0 -9999.0 -9999.0 -9999.0 -9999.0 -9999.0 -9999.0 -9999.0 -9999.0 -9999.0 -9999.0 -9999.0 -9999.0 -9999.0 -9999.0 -9999.0 -9999.0 -9999.0 -9999.0 -9999.0 -9999.0 -9999.0 -126.957 -9999.0 -9999.0 -9999.0 -9999.0 -9999.0 -9999.0 -9999.0 -9999.0 -9999.0 -9999.0 -9999.0 -9999.0 -9999.0 -9999.0 -9999.0 -9999.0 -9999.0 -9999.0 -9999.0 -126.939 -127.027 -130.076 -128.542 -128.152 -127.154 -127.233 -126.653 -126.354 -126.218 -126.136 -127.304 -128.297 -129.012
-126.319 -126.379 -9999.0 -9999.0 -9999.0 -9999.0 -9999.0 -9999.0 -9999.0 -9999.0 -9999.0 -9999.0 -9999.0 -9999.0 -9999.0 -9999.0 -9999.0 -9999.0 -9999.0 -9999.0 -9999.0 -9999.0 -9999.0 -9999.0 -9999.0 -9999.0 -125.502 -125.371 -125.368 -9999.0 -9999.0 -125.56 -126.241 -125.604 -9999.0 -9999.0 -9999.0 -9999.0 -9999.0 -9999.0 -9999.0 -9999.0 -9999.0 -9999.0 -9999.0 -9999.0 -9999.0 -9999.0 -9999.0 -9999.0 -9999.0 -9999.0 -9999.0 -125.046 -127.392 -129.976 -129.637 -129.932 -130.049 -129.826 -128.658 -128.112 -126.813 -125.836 -125.585
-130.279 -128.589 -128.018 -126.86 -125.869 -124.946 -124.78 -124.818 -124.882 -124.98 -9999.0 -9999.0 -9999.0 -9999.0 -9999.0 -9999.0 -124.529 -9999.0 -9999.0 -124.659 -124.154 -124.088 -124.062 -124.072 -124.157 -124.257 -123.432 -123.619 -124.987 -123.613 -123.72 -125.037 -125.902 -126.414 -128.735 -123.608 -9999.0 -123.787 -124.188 -124.091 -9999.0 -123.708 -124.686 -130.317 -132.631 -125.903 -123.759 -9999.0 -9999.0 -9999.0 -9999.0 -9999.0 -9999.0 -123.443 -123.882 -125.092 -127.229 -128.28 -128.306 -127.722 -128.329 -128.733 -128.368 -126.967 -125.792
-158.728 -141.195 -144.546 -139.056 -148.535 -143.148 -139.028 -130.63 -139.534 -130.816 -124.925 -123.821 -9999.0 -9999.0 -9999.0 -9999.0 -122.893 -122.696 -123.02 -123.152 -123.22 -123.151 -121.929 -122.584 -122.51 -122.231 -122.485 -122.636 -123.946 -127.29 -125.031 -124.208 -127.119 -127.098 -126.514 -125.035 -125.669 -126.836 -126.356 -126.664 -127.651 -126.752 -128.179 -134.564 -135.47 -134.188 -132.179 -132.569 -128.897 -126.205 -123.353 -121.861 -121.838 -9999.0 -9999.0 -121.619 -121.444 -121.311 -121.176 -121.001 -120.824 -121.562 -122.535 -122.807 -123.007
-136.366 -142.7 -136.859 -139.206 -137.072 -134.86 -137.148 -133.784 -129.534 -127.49 -127.54 -131.337 -126.086 -126.328 -125.186 -124.623 -121.224 -120.986 -120.862 -120.88 -122.61 -122.576 -120.705 -123.657 -122.843 -123.822 -123.449 -125.149 -123.1 -124.451 -123.982 -124.04 -125.055 -124.817 -124.217 -123.652 -125.691 -123.765 -124.419 -125.525 -126.848 -127.803 -129.049 -128.5 -131.445 -132.283 -130.389 -131.594 -130.245 -131.182 -128.75 -123.798 -123.792 -123.757 -122.14 -122.02 -121.487 -120.397 -120.672 -119.609 -9999.0 -119.231 -119.807 -120.533 -120.744
-134.342 -129.96 -134.077 -130.759 -130.613 -131.395 -125.485 -125.277 -125.58 -125.553 -126.522 -128.205 -134.825 -133.26 -135.532 -130.453 -127.115 -119.337 -119.281 -119.261 -119.852 -122.661 -124.619 -123.293 -123.79 -124.66 -124.522 -124.162 -123.459 -121.922 -120.791 -121.389 -123.182 -123.079 -123.774 -123.13 -122.553 -123.739 -124.367 -126.116 -126.225 -126.523 -127.524 -127.645 -126.278 -127.827 -129.965 -131.15 -129.627 -127.022 -123.262 -121.328 -121.92 -122.74 -122.802 -122.742 -122.126 -118.16 -117.835 -117.58 -117.817 -9999.0 -9999.0 -9999.0 -117.647
-131.444 -131.088 -126.973 -124.921 -132.464 -127.404 -131.137 -129.3 -123.12 -123.938 -124.001 -125.382 -126.233 -133.785 -129.231 -134.075 -122.463 -117.771 -117.606 -117.58 -119.259 -119.432 -121.486 -121.225 -121.447 -121.894 -121.597 -121.267 -120.261 -121.413 -120.461 -119.974 -123.044 -124.285 -122.662 -122.559 -122.474 -122.422 -122.594 -121.408 -122.754 -123.312 -123.268 -123.357 -125.009 -125.639 -125.18 -125.078 -124.042 -124.128 -125.264 -124.411 -125.981 -125.934 -121.043 -120.095 -118.669 -119.325 -120.175 -120.484 -119.971 -119.758 -119.592 -119.064 -120.126
-121.232 -123.402 -123.143 -120.389 -122.363 -125.893 -127.991 -128.766 -127.64 -133.065 -127.98 -123.461 -123.032 -122.669 -125.659 -138.449 -126.849 -121.005 -117.51 -117.68 -117.382 -117.652 -117.792 -117.866 -119.834 -121.04 -120.46 -116.069 -121.664 -120.591 -120.64 -120.531 -121.423 -122.355 -123.192 -120.169 -120.541 -123.092 -120.602 -120.873 -120.595 -121.316 -122.397 -120.584 -120.215 -120.109 -120.229 -120.114 -120.432 -119.727 -119.437 -119.395 -122.114 -121.099 -123.484 -119.837 -120.835 -123.791 -123.315 -122.475 -122.496 -121.599 -120.153 -121.959 -122.525
-118.752 -119.749 -119.605 -121.435 -121.509 -125.893 -123.537 -136.293 -126.235 -127.915 -125.977 -120.766 -123.684 -125.586 -124.727 -131.546 -126.79 -120.984 -116.861 -117.435 -115.849 -115.688 -116.023 -116.829 -116.639 -116.381 -116.12 -115.243 -116.783 -117.52 -115.685 -116.479 -117.242 -119.524 -119.659 -119.668 -120.074 -119.669 -119.777 -119.582 -119.57 -118.107 -119.87 -118.048 -116.692 -116.644 -116.744 -116.731 -118.626 -119.041 -118.826 -118.817 -116.818 -118.894 -119.365 -119.593 -119.968 -118.923 -119.715 -120.284 -121.298 -123.552 -122.061 -121.044 -120.216
-118.124 -118.838 -118.255 -119.53 -120.036 -122.288 -124.805 -134.731 -126.234 -125.897 -124.308 -122.895 -125.296 -124.857 -124.54 -122.117 -127.981 -124.992 -121.037 -119.164 -116.643 -117.234 -116.047 -116.161 -116.452 -116.262 -114.547 -114.018 -113.951 -113.503 -113.619 -115.51 -116.862 -118.21 -116.381 -115.499 -117.703 -117.67 -115.504 -115.391 -115.349 -115.2 -117.902 -122.903 -118.731 -115.308 -115.266 -115.141 -115.091 -114.883 -114.824 -114.729 -116.999 -117.12 -118.073 -119.559 -120.832 -118.137 -117.735 -116.778 -117.879 -117.272 -118.665 -117.905 -119.281
-122.89 -119.952 -124.431 -123.983 -124.376 -124.913 -126.344 -132.466 -132.553 -132.213 -132.443 -122.681 -126.724 -125.154 -120.062 -123.824 -122.034 -117.172 -118.918 -121.468 -123.415 -121.764 -122.254 -125.456 -125.886 -120.418 -121.592 -118.234 -114.598 -113.481 -111.828 -113.287 -115.198 -120.656 -115.637 -117.732 -116.696 -117.484 -116.223 -115.599 -114.514 -115.935 -117.152 -113.934 -113.924 -113.77 -113.727 -113.641 -114.284 -115.611 -115.49 -115.607 -115.526 -115.524 -117.818 -117.999 -118.665 -118.933 -118.497 -117.948 -117.406 -119.732 -116.989 -118.215 -119.096
-128.716 -123.825 -118.067 -119.505 -122.852 -122.195 -121.475 -125.626 -126.716 -126.298 -132.131 -128.669 -127.258 -120.586 -128.813 -126.674 -123.685 -124.403 -129.705 -123.206 -136.044 -128.543 -130.812 -132.622 -124.465 -121.159 -133.802 -128.221 -121.926 -133.631 -119.317 -125.448 -114.106 -112.749 -110.915 -112.453 -115.443 -111.522 -115.021 -114.871 -112.315 -112.439 -112.544 -112.433 -112.389 -115.057 -111.943 -111.713 -113.645 -113.959 -111.945 -112.955 -112.836 -113.838 -113.663 -114.522 -114.654 -115.735 -117.395 -117.367 -115.033 -116.744 -116.112 -115.79 -116.476
-125.914 -133.611 -127.125 -123.867 -131.916 -124.528 -114.517 -125.485 -127.625 -129.12 -130.86 -134.987 -135.611 -126.098 -132.795 -129.329 -128.483 -132.057 -132.573 -137.121 -134.39 -134.668 -139.207 -142.068 -145.326 -127.236 -144.882 -137.501 -132.855 -123.108 -126.439 -136.193 -131.099 -122.453 -120.199 -118.536 -113.433 -111.336 -110.372 -114.107 -113.92 -112.346 -111.105 -110.769 -110.553 -111.366 -113.048 -114.335 -116.195 -115.788 -113.233 -110.186 -109.847 -111.627 -111.392 -112.173 -111.821 -112.166 -112.896 -114.055 -114.818 -114.403 -114.743 -114.121 -113.945
