setup_data/66098_caitjcampbell_JJA_NoAm_Map_1980_2009/66098_caitjcampbell_JJA_NoAm_Map_1980_2009/predkrig.asc
ncols 291
nrows 150
xllcorner -176.5
yllcorner 3.9000015258789062
cellsize 0.5
NODATA_value -9999
[rows 29 to 57 of 150, columns 195 to 259 of 291]
-9999.0 -9999.0 -120.108 -120.032 -119.96 -119.891 -119.827 -119.767 -119.711 -119.659 -119.611 -119.569 -120.696 -121.657 -122.678 -122.887 -122.459 -123.639 -122.195 -121.121 -122.496 -125.151 -125.676 -126.243 -125.605 -126.491 -128.467 -121.494 -9999.0 -9999.0 -9999.0 -9999.0 -9999.0 -9999.0 -9999.0 -9999.0 -9999.0 -9999.0 -9999.0 -9999.0 -9999.0 -9999.0 -9999.0 -9999.0 -9999.0 -9999.0 -9999.0 -9999.0 -9999.0 -9999.0 -9999.0 -9999.0 -9999.0 -119.293 -119.285 -126.109 -127.416 -126.149 -126.477 -131.465 -137.007 -139.544 -141.505 -143.2 -144.779
-9999.0 -9999.0 -118.44 -118.358 -118.279 -9999.0 -9999.0 -9999.0 -9999.0 -9999.0 -9999.0 -9999.0 -117.804 -117.762 -117.723 -118.91 -121.064 -122.941 -123.647 -120.828 -117.541 -117.509 -117.499 -124.159 -124.135 -124.102 -123.065 -124.609 -121.097 -9999.0 -9999.0 -9999.0 -9999.0 -9999.0 -9999.0 -9999.0 -9999.0 -9999.0 -9999.0 -9999.0 -9999.0 -9999.0 -9999.0 -9999.0 -9999.0 -9999.0 -9999.0 -9999.0 -9999.0 -9999.0 -9999.0 -9999.0 -9999.0 -9999.0 -117.578 -118.788 -119.416 -130.772 -127.911 -131.331 -135.293 -138.786 -140.658 -142.43 -143.671
-9999.0 -116.856 -116.762 -116.672 -116.589 -9999.0 -9999.0 -9999.0 -9999.0 -9999.0 -9999.0 -9999.0 -9999.0 -9999.0 -115.99 -117.416 -117.386 -118.043 -117.168 -120.531 -122.126 -120.729 -115.752 -115.734 -117.092 -118.671 -119.838 -120.733 -115.66 -9999.0 -9999.0 -9999.0 -9999.0 -9999.0 -9999.0 -9999.0 -9999.0 -9999.0 -9999.0 -9999.0 -9999.0 -9999.0 -9999.0 -9999.0 -9999.0 -9999.0 -9999.0 -9999.0 -9999.0 -9999.0 -9999.0 -9999.0 -9999.0 -9999.0 -9999.0 -115.873 -115.875 -122.181 -125.211 -131.762 -134.385 -136.755 -139.328 -141.232 -143.238
-9999.0 -115.167 -115.069 -9999.0 -9999.0 -9999.0 -9999.0 -9999.0 -9999.0 -114.518 -9999.0 -9999.0 -9999.0 -9999.0 -9999.0 -114.211 -114.172 -114.135 -114.102 -114.682 -115.543 -119.208 -120.618 -121.524 -114.025 -113.946 -113.931 -114.506 -113.907 -9999.0 -9999.0 -9999.0 -9999.0 -9999.0 -9999.0 -9999.0 -9999.0 -9999.0 -9999.0 -9999.0 -9999.0 -9999.0 -9999.0 -9999.0 -9999.0 -9999.0 -9999.0 -9999.0 -9999.0 -9999.0 -9999.0 -9999.0 -9999.0 -9999.0 -9999.0 -9999.0 -9999.0 -114.51 -121.96 -125.944 -129.892 -133.06 -135.768 -137.578 -138.628
-9999.0 -113.467 -114.836 -115.211 -116.936 -114.908 -113.458 -117.062 -114.779 -113.876 -115.932 -116.184 -113.485 -9999.0 -9999.0 -9999.0 -9999.0 -9999.0 -9999.0 -112.322 -112.294 -112.267 -112.242 -113.074 -115.189 -114.62 -9999.0 -9999.0 -112.151 -112.143 -9999.0 -9999.0 -9999.0 -9999.0 -9999.0 -9999.0 -9999.0 -9999.0 -9999.0 -9999.0 -9999.0 -9999.0 -9999.0 -9999.0 -9999.0 -9999.0 -9999.0 -9999.0 -9999.0 -9999.0 -9999.0 -9999.0 -9999.0 -9999.0 -9999.0 -9999.0 -9999.0 -112.489 -112.502 -120.071 -121.852 -125.682 -129.807 -132.874 -134.744
-9999.0 -111.751 -111.646 -111.892 -113.218 -113.87 -114.554 -114.451 -114.577 -114.322 -116.803 -117.177 -117.309 -113.724 -112.535 -9999.0 -9999.0 -9999.0 -9999.0 -9999.0 -9999.0 -9999.0 -9999.0 -9999.0 -110.45 -110.433 -9999.0 -110.405 -110.396 -9999.0 -9999.0 -9999.0 -9999.0 -9999.0 -9999.0 -9999.0 -9999.0 -9999.0 -9999.0 -9999.0 -9999.0 -9999.0 -9999.0 -9999.0 -9999.0 -9999.0 -9999.0 -9999.0 -9999.0 -9999.0 -9999.0 -9999.0 -9999.0 -9999.0 -9999.0 -9999.0 -9999.0 -9999.0 -110.813 -110.837 -113.409 -115.976 -125.714 -129.158 -128.705
-9999.0 -9999.0 -109.986 -111.489 -111.313 -111.418 -111.598 -112.666 -112.877 -113.182 -113.943 -113.915 -113.979 -113.04 -112.729 -108.99 -9999.0 -108.878 -9999.0 -9999.0 -9999.0 -9999.0 -9999.0 -9999.0 -9999.0 -9999.0 -9999.0 -108.649 -108.64 -9999.0 -9999.0 -9999.0 -9999.0 -9999.0 -9999.0 -9999.0 -9999.0 -9999.0 -9999.0 -9999.0 -9999.0 -9999.0 -9999.0 -9999.0 -9999.0 -9999.0 -9999.0 -9999.0 -9999.0 -9999.0 -9999.0 -9999.0 -9999.0 -9999.0 -9999.0 -9999.0 -9999.0 -9999.0 -9999.0 -109.153 -109.185 -109.217 -115.178 -117.975 -117.011
-108.385 -108.269 -108.172 -108.173 -108.866 -109.321 -109.453 -109.56 -110.093 -110.776 -110.289 -110.7 -110.683 -110.512 -110.555 -110.466 -110.458 -109.405 -107.081 -107.048 -9999.0 -106.993 -106.97 -9999.0 -9999.0 -9999.0 -9999.0 -9999.0 -106.884 -9999.0 -9999.0 -9999.0 -9999.0 -9999.0 -9999.0 -9999.0 -9999.0 -9999.0 -9999.0 -9999.0 -9999.0 -9999.0 -9999.0 -9999.0 -9999.0 -9999.0 -9999.0 -9999.0 -9999.0 -9999.0 -9999.0 -9999.0 -9999.0 -9999.0 -9999.0 -9999.0 -9999.0 -9999.0 -9999.0 -9999.0 -9999.0 -107.539 -107.576 -107.612 -107.649
-9999.0 -9999.0 -106.393 -106.385 -106.451 -106.897 -107.439 -107.57 -108.079 -107.544 -107.339 -108.764 -107.238 -107.345 -107.016 -106.988 -106.707 -106.948 -105.664 -9999.0 -9999.0 -105.228 -105.206 -9999.0 -9999.0 -9999.0 -9999.0 -9999.0 -107.587 -105.122 -9999.0 -9999.0 -9999.0 -9999.0 -9999.0 -9999.0 -9999.0 -9999.0 -9999.0 -9999.0 -9999.0 -9999.0 -9999.0 -9999.0 -9999.0 -9999.0 -9999.0 -9999.0 -9999.0 -9999.0 -9999.0 -9999.0 -9999.0 -9999.0 -9999.0 -9999.0 -9999.0 -9999.0 -9999.0 -9999.0 -9999.0 -9999.0 -9999.0 -9999.0 -9999.0
-9999.0 -9999.0 -104.738 -105.023 -105.25 -105.761 -105.555 -105.799 -105.579 -105.696 -105.842 -106.054 -105.038 -106.263 -105.75 -105.708 -105.6 -105.115 -104.135 -9999.0 -9999.0 -9999.0 -9999.0 -9999.0 -9999.0 -9999.0 -9999.0 -106.418 -109.336 -107.182 -103.366 -9999.0 -9999.0 -9999.0 -9999.0 -9999.0 -9999.0 -9999.0 -9999.0 -9999.0 -9999.0 -9999.0 -9999.0 -9999.0 -9999.0 -9999.0 -9999.0 -9999.0 -9999.0 -9999.0 -9999.0 -9999.0 -9999.0 -9999.0 -9999.0 -9999.0 -9999.0 -9999.0 -9999.0 -9999.0 -9999.0 -9999.0 -9999.0 -9999.0 -9999.0
-9999.0 -102.921 -103.058 -103.248 -103.938 -103.91 -103.856 -103.823 -103.922 -104.311 -104.295 -104.014 -104.27 -104.403 -104.524 -104.426 -104.207 -103.235 -102.329 -101.736 -9999.0 -9999.0 -9999.0 -9999.0 -9999.0 -9999.0 -101.618 -104.199 -108.116 -110.861 -110.421 -101.618 -9999.0 -9999.0 -9999.0 -9999.0 -9999.0 -9999.0 -9999.0 -9999.0 -9999.0 -9999.0 -9999.0 -9999.0 -9999.0 -9999.0 -9999.0 -9999.0 -9999.0 -9999.0 -9999.0 -9999.0 -9999.0 -9999.0 -9999.0 -9999.0 -9999.0 -9999.0 -9999.0 -9999.0 -9999.0 -9999.0 -9999.0 -9999.0 -9999.0
-101.216 -101.528 -101.555 -101.684 -102.245 -102.258 -102.359 -102.219 -102.384 -102.71 -103.022 -102.679 -102.916 -102.226 -102.376 -102.647 -102.255 -102.257 -100.566 -101.417 -101.058 -99.9158 -9999.0 -9999.0 -99.8699 -101.509 -102.178 -103.022 -105.003 -102.239 -104.707 -106.581 -99.8779 -9999.0 -9999.0 -9999.0 -9999.0 -9999.0 -9999.0 -9999.0 -9999.0 -9999.0 -9999.0 -9999.0 -9999.0 -9999.0 -9999.0 -9999.0 -9999.0 -9999.0 -9999.0 -9999.0 -9999.0 -9999.0 -9999.0 -9999.0 -9999.0 -9999.0 -9999.0 -9999.0 -9999.0 -9999.0 -9999.0 -9999.0 -9999.0
-9999.0 -99.2654 -99.1593 -99.7286 -100.344 -100.611 -101.265 -100.493 -101.212 -100.812 -100.927 -100.71 -100.819 -100.451 -101.076 -101.238 -101.111 -100.464 -101.094 -100.547 -99.3388 -98.609 -98.3304 -99.1414 -99.6886 -100.739 -102.259 -102.719 -105.582 -104.943 -102.714 -105.084 -100.264 -98.1482 -9999.0 -9999.0 -9999.0 -9999.0 -9999.0 -9999.0 -9999.0 -9999.0 -9999.0 -9999.0 -9999.0 -9999.0 -9999.0 -9999.0 -9999.0 -9999.0 -9999.0 -9999.0 -9999.0 -9999.0 -9999.0 -9999.0 -9999.0 -9999.0 -9999.0 -9999.0 -9999.0 -9999.0 -9999.0 -9999.0 -9999.0
-9999.0 -9999.0 -9999.0 -97.2113 -99.9853 -98.6868 -99.0224 -99.1285 -99.3606 -99.511 -98.9344 -99.9608 -99.5097 -100.025 -99.9152 -99.5383 -99.9363 -98.1405 -96.8397 -98.9079 -99.2773 -98.3968 -98.2662 -97.816 -98.8087 -99.3118 -100.573 -101.483 -103.377 -103.271 -102.654 -101.848 -98.9982 -97.6351 -96.4265 -9999.0 -9999.0 -9999.0 -9999.0 -9999.0 -9999.0 -9999.0 -9999.0 -9999.0 -9999.0 -9999.0 -9999.0 -9999.0 -9999.0 -9999.0 -9999.0 -9999.0 -9999.0 -9999.0 -9999.0 -9999.0 -9999.0 -9999.0 -9999.0 -9999.0 -9999.0 -9999.0 -9999.0 -9999.0 -9999.0
-9999.0 -9999.0 -9999.0 -9999.0 -95.2619 -97.2559 -97.1954 -96.9622 -97.2287 -97.7461 -98.3771 -98.0723 -98.1602 -98.8309 -98.5862 -98.2143 -98.5 -97.8358 -98.6787 -96.9363 -96.9623 -97.1552 -97.4506 -95.516 -97.2175 -98.4119 -98.9483 -99.7698 -100.872 -100.526 -100.758 -101.139 -102.045 -97.1322 -96.3174 -94.7173 -9999.0 -9999.0 -9999.0 -9999.0 -9999.0 -9999.0 -9999.0 -9999.0 -9999.0 -9999.0 -9999.0 -9999.0 -9999.0 -9999.0 -9999.0 -9999.0 -9999.0 -9999.0 -9999.0 -9999.0 -9999.0 -9999.0 -9999.0 -9999.0 -9999.0 -9999.0 -9999.0 -9999.0 -9999.0
-9999.0 -9999.0 -9999.0 -9999.0 -93.3893 -95.54 -95.7179 -95.9905 -95.5154 -95.8044 -95.9598 -95.8107 -95.9586 -95.9121 -97.3721 -95.9467 -96.969 -97.171 -96.6521 -94.4915 -95.242 -94.9909 -95.9397 -96.0165 -96.3874 -96.3962 -97.0497 -97.9921 -97.4989 -98.1853 -98.7697 -97.9633 -95.067 -95.09 -94.918 -92.9846 -9999.0 -9999.0 -9999.0 -9999.0 -9999.0 -9999.0 -9999.0 -9999.0 -9999.0 -9999.0 -9999.0 -9999.0 -9999.0 -9999.0 -9999.0 -9999.0 -9999.0 -9999.0 -9999.0 -9999.0 -9999.0 -9999.0 -9999.0 -9999.0 -9999.0 -9999.0 -9999.0 -9999.0 -9999.0
-91.8259 -9999.0 -9999.0 -9999.0 -91.502 -91.5228 -93.3907 -93.9171 -93.7708 -93.7247 -95.0847 -94.5498 -94.6035 -95.6348 -95.7956 -95.0231 -95.0022 -95.911 -95.6312 -95.1093 -94.2927 -93.8997 -97.3092 -95.5404 -95.4325 -95.3223 -96.2348 -96.2176 -94.6462 -96.7717 -95.9966 -95.9171 -91.8709 -93.593 -92.9513 -91.269 -91.2932 -9999.0 -9999.0 -9999.0 -9999.0 -9999.0 -9999.0 -9999.0 -9999.0 -9999.0 -9999.0 -9999.0 -9999.0 -9999.0 -9999.0 -9999.0 -9999.0 -9999.0 -9999.0 -9999.0 -9999.0 -9999.0 -9999.0 -9999.0 -9999.0 -9999.0 -9999.0 -9999.0 -9999.0
-9999.0 -9999.0 -9999.0 -89.6653 -92.2203 -91.9373 -92.3762 -92.4183 -92.4903 -92.9117 -92.7999 -92.7037 -93.5298 -93.908 -93.5289 -94.3403 -94.6914 -94.9503 -94.8684 -93.0997 -93.6698 -93.3942 -93.6949 -95.3708 -94.6258 -93.6786 -94.1525 -95.3353 -94.4683 -94.1763 -94.6071 -95.8701 -94.0813 -94.5303 -95.0291 -93.7342 -90.0284 -89.6143 -9999.0 -9999.0 -9999.0 -9999.0 -9999.0 -9999.0 -9999.0 -9999.0 -9999.0 -9999.0 -9999.0 -9999.0 -9999.0 -9999.0 -9999.0 -9999.0 -9999.0 -9999.0 -9999.0 -9999.0 -9999.0 -9999.0 -9999.0 -9999.0 -9999.0 -9999.0 -9999.0
-9999.0 -87.8717 -89.4039 -89.621 -89.7921 -90.6692 -90.6886 -90.659 -91.4725 -91.699 -91.9445 -91.6806 -91.5254 -91.702 -91.7451 -92.2882 -92.9206 -92.2884 -93.8809 -92.9174 -93.8686 -93.2601 -93.205 -92.6695 -93.0569 -93.3722 -92.6823 -92.8248 -92.93 -92.503 -92.9883 -93.3895 -93.9241 -94.1307 -90.3513 -88.5623 -88.4744 -88.4986 -87.9486 -89.0895 -88.0572 -9999.0 -9999.0 -9999.0 -9999.0 -9999.0 -9999.0 -9999.0 -9999.0 -9999.0 -9999.0 -9999.0 -9999.0 -9999.0 -9999.0 -9999.0 -9999.0 -9999.0 -9999.0 -9999.0 -9999.0 -9999.0 -9999.0 -9999.0 -9999.0
-86.5962 -87.5598 -87.553 -87.9738 -88.992 -88.2102 -89.4041 -89.0176 -90.0338 -89.4736 -90.1042 -90.2221 -90.0896 -90.1047 -90.2003 -90.6975 -90.5765 -91.4183 -91.5585 -91.1208 -91.7375 -91.8568 -91.657 -91.9164 -90.8415 -90.6508 -91.1074 -90.7311 -91.0788 -90.9692 -91.4055 -92.3499 -90.7057 -88.0029 -90.9481 -89.3594 -87.7314 -88.1329 -90.0213 -89.8621 -89.3264 -88.8094 -86.5896 -86.546 -9999.0 -9999.0 -9999.0 -9999.0 -9999.0 -9999.0 -9999.0 -9999.0 -9999.0 -9999.0 -9999.0 -9999.0 -9999.0 -9999.0 -9999.0 -9999.0 -9999.0 -9999.0 -9999.0 -9999.0 -9999.0
-84.6016 -85.5606 -85.6754 -85.9666 -85.8319 -85.6074 -85.8961 -86.9259 -87.0986 -87.8839 -87.7157 -87.6407 -88.5018 -88.4341 -88.6037 -90.1453 -89.2576 -89.4368 -89.3513 -89.471 -90.0026 -89.8477 -90.3318 -89.7617 -89.4472 -89.0518 -88.8829 -88.8909 -89.0639 -88.9648 -89.0729 -89.0648 -88.8054 -89.2751 -88.9771 -87.8336 -87.5852 -88.6086 -86.6286 -86.017 -84.6569 -85.2947 -84.8546 -84.8669 -9999.0 -9999.0 -9999.0 -9999.0 -9999.0 -9999.0 -9999.0 -9999.0 -9999.0 -9999.0 -9999.0 -9999.0 -9999.0 -9999.0 -9999.0 -9999.0 -9999.0 -9999.0 -9999.0 -9999.0 -9999.0
-82.5229 -83.1997 -83.7834 -83.7376 -84.1179 -83.682 -84.5227 -84.5072 -84.6843 -85.6998 -85.7396 -86.3482 -86.101 -86.3534 -86.7849 -87.0698 -87.5107 -87.6604 -88.0914 -88.0101 -87.9915 -88.1406 -88.3173 -88.9506 -89.0515 -87.9403 -87.4075 -87.2215 -87.0481 -86.9928 -87.5238 -87.8367 -88.4479 -88.1988 -87.5047 -86.5596 -85.9243 -84.0856 -82.8176 -87.246 -88.5861 -86.6695 -86.0562 -83.1914 -84.4466 -83.3596 -9999.0 -9999.0 -9999.0 -9999.0 -9999.0 -9999.0 -9999.0 -9999.0 -9999.0 -9999.0 -9999.0 -9999.0 -9999.0 -9999.0 -9999.0 -9999.0 -9999.0 -9999.0 -9999.0
-80.4607 -80.9736 -81.9987 -82.1876 -82.2422 -82.9556 -83.4758 -83.5583 -83.5458 -83.6233 -84.32 -84.2851 -84.5597 -84.7622 -85.7744 -85.6359 -85.6595 -86.7086 -88.0495 -86.6406 -87.2498 -86.3846 -87.8514 -86.9678 -85.8505 -85.7545 -86.9129 -86.4652 -85.5918 -85.5827 -85.2408 -84.641 -85.2941 -84.7399 -85.1327 -83.3586 -85.1596 -84.6706 -86.3656 -85.7641 -86.6193 -84.7131 -83.2774 -87.3101 -84.8524 -82.9602 -81.7976 -9999.0 -9999.0 -9999.0 -9999.0 -9999.0 -9999.0 -9999.0 -9999.0 -9999.0 -9999.0 -9999.0 -9999.0 -9999.0 -9999.0 -9999.0 -9999.0 -9999.0 -9999.0
-78.0394 -78.5986 -79.5997 -80.5538 -80.6193 -80.6327 -80.8411 -81.2622 -82.034 -82.4081 -82.3518 -83.1178 -83.1879 -82.8989 -83.5987 -83.9702 -84.3394 -84.7838 -83.8547 -85.4917 -85.1862 -85.2661 -85.133 -84.7263 -85.2084 -84.236 -84.2865 -84.2109 -84.2901 -84.3635 -84.3959 -84.5511 -83.8526 -83.6538 -83.0827 -84.0357 -83.5483 -83.0604 -84.5502 -84.2437 -83.9225 -83.5838 -84.4245 -82.8884 -81.29 -80.9396 -80.1556 -9999.0 -9999.0 -9999.0 -9999.0 -9999.0 -9999.0 -9999.0 -9999.0 -9999.0 -9999.0 -9999.0 -9999.0 -9999.0 -9999.0 -9999.0 -9999.0 -9999.0 -9999.0
-75.9727 -76.5757 -77.3526 -78.5583 -78.6602 -79.2509 -79.3147 -79.2893 -79.9184 -79.8608 -80.1225 -80.514 -81.0384 -82.3151 -82.9611 -84.1331 -85.0541 -83.9966 -83.1732 -82.7332 -82.353 -83.262 -82.5863 -82.7531 -82.6173 -83.6824 -84.0071 -84.273 -85.225 -83.2208 -82.1486 -83.0628 -83.193 -81.0023 -82.5521 -81.761 -81.0594 -81.8368 -81.9339 -82.1333 -82.7858 -81.1164 -81.7498 -82.063 -82.4449 -81.5301 -79.3791 -9999.0 -9999.0 -9999.0 -9999.0 -9999.0 -9999.0 -9999.0 -9999.0 -9999.0 -9999.0 -9999.0 -9999.0 -9999.0 -9999.0 -9999.0 -9999.0 -9999.0 -9999.0
-74.1593 -74.8745 -75.6819 -76.2393 -76.7268 -76.7594 -77.7241 -77.6779 -77.91 -78.1638 -78.6668 -78.9503 -79.9058 -79.3884 -81.2051 -80.9823 -81.4754 -80.9439 -80.471 -79.8344 -78.3658 -80.4007 -84.9857 -84.7458 -82.1229 -81.7713 -81.5551 -81.4304 -81.6664 -82.5661 -80.2192 -82.0438 -81.188 -81.7658 -80.8596 -80.0728 -81.1972 -79.3353 -80.7666 -79.8268 -76.8229 -79.4376 -79.3821 -79.4107 -76.8957 -76.7657 -76.8942 -77.0102 -9999.0 -9999.0 -9999.0 -9999.0 -9999.0 -9999.0 -9999.0 -9999.0 -9999.0 -9999.0 -9999.0 -9999.0 -9999.0 -9999.0 -9999.0 -9999.0 -9999.0
-72.4692 -73.5883 -74.2214 -74.7521 -75.0566 -75.1925 -75.3804 -75.6531 -75.8122 -76.1396 -76.4804 -76.4109 -77.2801 -77.3948 -78.1486 -79.9391 -78.9703 -79.4678 -78.1567 -79.0731 -76.5936 -78.7218 -77.6653 -81.3337 -79.3783 -78.5915 -80.1659 -77.5353 -76.4826 -80.1628 -80.1996 -79.5973 -78.7475 -76.8255 -78.1411 -78.4422 -76.9429 -78.3116 -76.1626 -76.0612 -74.5681 -74.7044 -74.8147 -74.9275 -75.5065 -75.6869 -75.249 -9999.0 -9999.0 -9999.0 -9999.0 -9999.0 -9999.0 -9999.0 -9999.0 -9999.0 -9999.0 -9999.0 -9999.0 -9999.0 -9999.0 -9999.0 -9999.0 -9999.0 -9999.0
-71.8094 -72.3301 -72.7382 -72.9229 -73.1095 -73.471 -73.9675 -74.319 -75.2354 -74.9141 -74.9127 -76.0849 -76.6567 -76.1354 -76.2219 -76.8549 -76.1046 -76.3211 -78.1711 -75.8306 -74.1852 -76.2198 -75.861 -77.1032 -74.0502 -74.5025 -78.098 -76.0621 -74.5586 -74.7414 -75.5236 -74.7836 -73.9856 -73.5251 -73.9611 -73.5034 -73.7227 -74.2641 -73.548 -72.7985 -72.9335 -9999.0 -9999.0 -73.4928 -77.4515 -75.1778 -73.6631 -9999.0 -9999.0 -9999.0 -9999.0 -9999.0 -9999.0 -9999.0 -9999.0 -9999.0 -9999.0 -9999.0 -9999.0 -9999.0 -9999.0 -9999.0 -9999.0 -9999.0 -9999.0
-70.7438 -70.673 -70.7049 -70.8729 -71.2382 -71.6949 -72.0341 -72.6368 -72.4409 -72.6494 -73.5417 -73.1917 -72.6767 -73.6676 -74.8316 -74.474 -75.3043 -75.694 -74.5085 -73.1635 -74.0049 -74.6767 -74.9196 -72.1678 -70.5848 -69.7064 -69.7892 -69.8772 -69.9632 -70.0606 -70.1591 -70.2591 -70.3606 -70.4655 -70.5662 -70.6865 -70.8003 -70.9138 -71.0306 -9999.0 -9999.0 -9999.0 -71.5347 -77.7784 -73.8638 -71.9269 -72.0595 -9999.0 -9999.0 -9999.0 -9999.0 -9999.0 -9999.0 -9999.0 -9999.0 -9999.0 -9999.0 -9999.0 -9999.0 -9999.0 -9999.0 -9999.0 -9999.0 -9999.0 -9999.0
