setup_data/66098_caitjcampbell_JJA_NoAm_Map_1980_2009/66098_caitjcampbell_JJA_NoAm_Map_1980_2009/predkrig.asc
ncols 291
nrows 150
xllcorner -176.5
yllcorner 3.9000015258789062
cellsize 0.5
NODATA_value -9999
[rows 0 to 28 of 150, columns 195 to 259 of 291]
-176.556 -174.645 -179.807 -179.844 -178.963 -176.696 -176.116 -173.723 -166.123 -9999.0 -9999.0 -9999.0 -9999.0 -166.528 -166.606 -167.907 -167.209 -171.179 -170.155 -170.658 -171.23 -172.506 -173.074 -172.997 -173.303 -176.081 -178.877 -180.082 -181.134 -181.961 -182.556 -183.098 -183.629 -184.084 -184.614 -185.057 -185.5 -185.952 -186.339 -186.756 -187.195 -187.632 -188.006 -188.399 -188.718 -189.036 -189.374 -189.691 -189.965 -190.259 -190.563 -190.856 -191.138 -191.472 -191.659 -191.958 -192.205 -192.503 -192.728 -193.036 -193.271 -193.535 -193.78 -193.949 -194.106
-169.407 -173.379 -173.873 -170.075 -165.589 -164.29 -164.363 -164.458 -9999.0 -9999.0 -9999.0 -9999.0 -167.045 -172.566 -176.959 -179.847 -179.919 -177.461 -175.84 -177.152 -179.03 -179.92 -180.652 -181.455 -182.097 -182.67 -183.056 -183.324 -183.665 -184.048 -184.534 -184.926 -185.283 -185.598 -185.871 -186.164 -186.434 -186.714 -186.993 -187.282 -187.538 -187.802 -188.171 -188.457 -188.731 -189.014 -189.245 -189.515 -189.787 -190.058 -190.295 -190.584 -190.852 -191.088 -191.355 -191.61 -191.854 -192.118 -192.362 -192.53 -192.855 -192.972 -193.064 -193.315 -193.471
-168.749 -163.993 -162.471 -162.564 -162.655 -162.746 -9999.0 -9999.0 -9999.0 -9999.0 -9999.0 -9999.0 -9999.0 -163.407 -163.483 -163.555 -163.624 -163.696 -169.71 -173.699 -163.891 -171.432 -169.84 -168.761 -164.138 -165.056 -170.799 -171.985 -173.719 -175.96 -178.306 -180.959 -182.06 -183.08 -183.989 -184.763 -185.399 -185.907 -186.352 -186.689 -186.983 -187.225 -187.485 -187.744 -187.993 -188.273 -188.542 -188.83 -189.107 -189.395 -189.671 -189.936 -190.211 -190.464 -190.717 -190.98 -191.209 -191.439 -191.678 -191.865 -191.988 -192.225 -192.39 -192.544 -192.717
-160.783 -160.88 -9999.0 -9999.0 -9999.0 -9999.0 -9999.0 -9999.0 -9999.0 -9999.0 -9999.0 -9999.0 -9999.0 -161.901 -161.975 -162.046 -164.727 -168.055 -169.303 -173.347 -169.763 -168.989 -167.496 -170.338 -162.603 -170.302 -168.895 -172.098 -173.845 -175.506 -178.733 -179.814 -180.735 -181.572 -182.194 -182.681 -182.945 -183.09 -183.279 -183.473 -183.741 -184.019 -184.306 -184.603 -184.975 -185.284 -185.737 -186.232 -186.718 -187.118 -187.548 -187.936 -188.324 -188.743 -189.16 -189.556 -189.898 -190.209 -190.53 -190.829 -191.075 -191.268 -191.481 -191.683 -191.854
-164.713 -164.837 -159.52 -9999.0 -9999.0 -9999.0 -9999.0 -9999.0 -9999.0 -9999.0 -9999.0 -9999.0 -9999.0 -9999.0 -9999.0 -160.564 -160.629 -160.691 -160.751 -160.81 -160.866 -160.922 -162.948 -165.751 -170.45 -171.579 -173.164 -173.091 -174.14 -174.838 -174.882 -175.047 -174.88 -174.871 -176.043 -175.135 -176.056 -176.556 -177.063 -177.676 -178.254 -178.718 -179.262 -180.121 -180.813 -181.594 -182.211 -182.936 -183.619 -184.478 -185.104 -185.657 -186.156 -186.665 -187.196 -187.619 -188.086 -188.466 -188.879 -189.238 -189.585 -189.945 -190.175 -190.449 -190.732
-157.915 -9999.0 -9999.0 -9999.0 -9999.0 -9999.0 -9999.0 -9999.0 -9999.0 -9999.0 -9999.0 -9999.0 -9999.0 -9999.0 -9999.0 -9999.0 -9999.0 -9999.0 -159.281 -159.336 -159.387 -164.33 -165.653 -161.599 -159.575 -159.618 -160.969 -159.7 -159.739 -159.779 -159.815 -159.852 -159.886 -159.92 -159.95 -159.98 -164.317 -164.241 -165.861 -168.814 -171.044 -172.814 -174.158 -174.918 -176.306 -177.224 -178.566 -179.856 -180.954 -181.821 -182.482 -183.199 -183.761 -184.499 -185.098 -185.635 -186.098 -186.55 -186.988 -187.428 -187.836 -188.223 -188.599 -188.942 -189.265
-9999.0 -9999.0 -9999.0 -9999.0 -9999.0 -9999.0 -9999.0 -9999.0 -9999.0 -9999.0 -9999.0 -9999.0 -9999.0 -9999.0 -9999.0 -9999.0 -9999.0 -9999.0 -9999.0 -9999.0 -9999.0 -9999.0 -9999.0 -158.043 -158.08 -9999.0 -9999.0 -9999.0 -9999.0 -9999.0 -9999.0 -9999.0 -9999.0 -9999.0 -9999.0 -9999.0 -9999.0 -158.469 -158.492 -158.514 -158.533 -160.808 -164.234 -169.195 -170.758 -172.506 -174.318 -175.676 -176.834 -177.834 -178.959 -179.969 -180.902 -181.605 -182.358 -182.932 -183.604 -184.218 -184.729 -185.315 -185.814 -186.301 -186.736 -187.152 -187.482
-9999.0 -9999.0 -9999.0 -9999.0 -9999.0 -9999.0 -9999.0 -9999.0 -9999.0 -9999.0 -9999.0 -9999.0 -9999.0 -9999.0 -9999.0 -9999.0 -9999.0 -9999.0 -9999.0 -9999.0 -9999.0 -9999.0 -9999.0 -9999.0 -9999.0 -9999.0 -9999.0 -9999.0 -9999.0 -9999.0 -9999.0 -9999.0 -9999.0 -9999.0 -9999.0 -9999.0 -9999.0 -9999.0 -9999.0 -9999.0 -9999.0 -156.958 -158.435 -162.655 -163.926 -167.254 -168.858 -170.931 -172.426 -174.121 -175.376 -176.762 -177.723 -178.692 -179.614 -180.51 -181.196 -181.864 -182.614 -183.291 -183.775 -184.23 -184.757 -185.18 -185.633
-9999.0 -9999.0 -9999.0 -9999.0 -9999.0 -9999.0 -9999.0 -9999.0 -9999.0 -9999.0 -9999.0 -9999.0 -9999.0 -9999.0 -9999.0 -9999.0 -9999.0 -9999.0 -9999.0 -9999.0 -9999.0 -9999.0 -9999.0 -9999.0 -9999.0 -9999.0 -9999.0 -9999.0 -9999.0 -9999.0 -9999.0 -9999.0 -9999.0 -9999.0 -9999.0 -9999.0 -9999.0 -9999.0 -9999.0 -9999.0 -9999.0 -9999.0 -155.359 -155.371 -155.378 -158.204 -162.521 -166.919 -168.759 -170.309 -172.014 -173.716 -174.81 -175.873 -176.956 -178.045 -178.904 -179.687 -180.206 -180.977 -181.618 -182.111 -182.572 -183.14 -183.665
-9999.0 -9999.0 -9999.0 -9999.0 -9999.0 -9999.0 -9999.0 -9999.0 -9999.0 -9999.0 -9999.0 -9999.0 -9999.0 -9999.0 -9999.0 -9999.0 -9999.0 -9999.0 -9999.0 -9999.0 -9999.0 -9999.0 -9999.0 -9999.0 -9999.0 -9999.0 -9999.0 -9999.0 -9999.0 -9999.0 -9999.0 -9999.0 -9999.0 -9999.0 -9999.0 -9999.0 -9999.0 -9999.0 -9999.0 -9999.0 -9999.0 -9999.0 -9999.0 -154.745 -153.749 -154.109 -160.701 -164.592 -165.947 -168.245 -169.717 -171.032 -172.491 -173.468 -174.675 -175.716 -176.546 -177.427 -178.222 -178.934 -179.584 -180.181 -180.82 -181.33 -181.811
-151.249 -151.371 -151.391 -9999.0 -9999.0 -9999.0 -9999.0 -9999.0 -9999.0 -9999.0 -9999.0 -9999.0 -9999.0 -9999.0 -9999.0 -9999.0 -9999.0 -9999.0 -9999.0 -9999.0 -9999.0 -9999.0 -9999.0 -9999.0 -9999.0 -9999.0 -9999.0 -9999.0 -9999.0 -9999.0 -9999.0 -9999.0 -9999.0 -9999.0 -9999.0 -9999.0 -9999.0 -9999.0 -9999.0 -9999.0 -9999.0 -9999.0 -9999.0 -9999.0 -152.105 -152.107 -154.62 -158.105 -162.144 -164.0 -165.979 -167.887 -169.534 -170.825 -172.071 -173.205 -174.274 -175.29 -176.135 -176.972 -177.672 -178.339 -178.968 -179.551 -180.072
-165.675 -165.359 -162.655 -156.346 -150.713 -150.194 -9999.0 -9999.0 -9999.0 -9999.0 -9999.0 -9999.0 -9999.0 -9999.0 -9999.0 -9999.0 -9999.0 -9999.0 -9999.0 -9999.0 -9999.0 -9999.0 -9999.0 -9999.0 -9999.0 -9999.0 -9999.0 -9999.0 -9999.0 -9999.0 -9999.0 -9999.0 -9999.0 -9999.0 -9999.0 -9999.0 -9999.0 -9999.0 -9999.0 -9999.0 -9999.0 -9999.0 -9999.0 -9999.0 -9999.0 -150.447 -150.447 -156.558 -156.786 -158.524 -161.203 -163.85 -166.034 -167.805 -169.441 -170.748 -171.982 -173.198 -174.065 -175.016 -175.84 -176.568 -177.215 -177.839 -178.42
-148.494 -148.563 -152.146 -160.296 -149.472 -148.744 -9999.0 -9999.0 -9999.0 -9999.0 -9999.0 -9999.0 -9999.0 -9999.0 -9999.0 -9999.0 -9999.0 -9999.0 -9999.0 -9999.0 -9999.0 -9999.0 -9999.0 -9999.0 -9999.0 -9999.0 -9999.0 -9999.0 -9999.0 -9999.0 -9999.0 -9999.0 -9999.0 -9999.0 -9999.0 -9999.0 -9999.0 -9999.0 -9999.0 -9999.0 -9999.0 -9999.0 -9999.0 -9999.0 -9999.0 -148.773 -148.769 -148.766 -150.399 -155.647 -156.734 -160.86 -163.597 -165.915 -167.611 -168.738 -170.174 -171.23 -172.282 -173.306 -174.171 -174.92 -175.618 -176.232 -176.706
-148.19 -153.813 -153.372 -157.841 -156.745 -158.718 -147.212 -152.868 -147.248 -9999.0 -9999.0 -9999.0 -9999.0 -9999.0 -9999.0 -9999.0 -9999.0 -9999.0 -9999.0 -9999.0 -9999.0 -9999.0 -9999.0 -9999.0 -9999.0 -9999.0 -9999.0 -9999.0 -9999.0 -9999.0 -9999.0 -9999.0 -9999.0 -9999.0 -9999.0 -9999.0 -9999.0 -9999.0 -9999.0 -9999.0 -9999.0 -9999.0 -9999.0 -9999.0 -9999.0 -9999.0 -147.084 -150.764 -153.073 -158.654 -147.061 -160.428 -163.973 -166.204 -167.119 -166.016 -167.839 -168.313 -168.984 -169.614 -170.612 -171.548 -172.297 -173.098 -173.888
-151.85 -152.396 -151.068 -147.394 -152.247 -151.968 -156.339 -158.263 -154.656 -145.752 -145.612 -9999.0 -145.616 -145.616 -9999.0 -9999.0 -9999.0 -9999.0 -9999.0 -9999.0 -9999.0 -9999.0 -9999.0 -9999.0 -9999.0 -9999.0 -9999.0 -9999.0 -9999.0 -9999.0 -9999.0 -9999.0 -9999.0 -9999.0 -9999.0 -9999.0 -9999.0 -9999.0 -9999.0 -9999.0 -9999.0 -9999.0 -9999.0 -9999.0 -9999.0 -9999.0 -144.285 -147.952 -148.063 -146.961 -145.363 -145.355 -145.351 -150.472 -152.838 -159.711 -161.669 -161.561 -163.549 -165.616 -167.313 -168.411 -169.359 -170.096 -171.003
-145.187 -145.772 -146.613 -149.946 -150.262 -150.408 -145.774 -148.339 -149.027 -151.928 -143.897 -143.901 -150.608 -151.022 -155.828 -143.91 -9999.0 -9999.0 -9999.0 -9999.0 -9999.0 -9999.0 -9999.0 -9999.0 -9999.0 -9999.0 -9999.0 -9999.0 -9999.0 -9999.0 -9999.0 -9999.0 -9999.0 -9999.0 -9999.0 -9999.0 -9999.0 -9999.0 -9999.0 -9999.0 -9999.0 -9999.0 -9999.0 -9999.0 -9999.0 -9999.0 -9999.0 -143.666 -143.662 -143.655 -143.649 -143.648 -143.639 -143.612 -146.557 -146.083 -156.007 -158.897 -160.626 -162.429 -163.719 -164.942 -165.983 -166.787 -167.679
-144.395 -145.235 -145.278 -145.381 -146.248 -148.417 -148.545 -147.423 -148.264 -148.581 -148.932 -148.085 -147.576 -155.4 -146.616 -154.057 -149.038 -142.171 -143.974 -144.026 -142.195 -9999.0 -9999.0 -9999.0 -9999.0 -9999.0 -9999.0 -9999.0 -9999.0 -9999.0 -9999.0 -9999.0 -9999.0 -9999.0 -9999.0 -9999.0 -9999.0 -9999.0 -9999.0 -9999.0 -9999.0 -9999.0 -9999.0 -9999.0 -9999.0 -9999.0 -9999.0 -9999.0 -141.939 -147.195 -156.021 -153.038 -157.761 -141.913 -141.913 -141.91 -142.389 -150.695 -155.538 -157.955 -159.762 -161.512 -162.628 -163.934 -164.849
-140.187 -140.214 -140.239 -143.89 -142.219 -143.676 -143.554 -143.709 -143.553 -150.624 -151.869 -150.235 -145.975 -143.555 -145.456 -147.896 -144.172 -143.061 -140.409 -147.416 -142.168 -140.391 -140.732 -9999.0 -9999.0 -9999.0 -9999.0 -9999.0 -9999.0 -9999.0 -9999.0 -9999.0 -9999.0 -9999.0 -9999.0 -9999.0 -9999.0 -9999.0 -9999.0 -9999.0 -9999.0 -9999.0 -9999.0 -9999.0 -9999.0 -9999.0 -9999.0 -9999.0 -143.796 -152.717 -149.68 -145.378 -140.184 -144.196 -151.12 -145.466 -141.7 -143.898 -149.852 -153.38 -156.284 -158.46 -159.488 -160.933 -161.827
-138.432 -138.453 -138.473 -138.495 -139.087 -140.532 -140.375 -140.948 -140.109 -142.018 -142.074 -142.791 -143.749 -146.45 -143.234 -143.256 -148.882 -145.436 -148.66 -151.339 -138.51 -138.638 -138.645 -138.645 -9999.0 -9999.0 -9999.0 -9999.0 -9999.0 -9999.0 -9999.0 -9999.0 -9999.0 -9999.0 -9999.0 -9999.0 -9999.0 -9999.0 -9999.0 -9999.0 -9999.0 -9999.0 -9999.0 -9999.0 -9999.0 -9999.0 -9999.0 -9999.0 -140.858 -142.656 -143.975 -144.57 -147.445 -142.768 -138.452 -138.453 -140.541 -143.794 -148.225 -151.296 -153.004 -154.849 -156.484 -157.834 -158.738
-136.691 -136.706 -9999.0 -136.74 -136.754 -136.77 -136.788 -138.381 -137.357 -137.669 -138.757 -138.965 -140.624 -139.783 -141.703 -141.686 -143.501 -142.101 -146.744 -149.546 -136.867 -140.12 -136.879 -136.878 -136.878 -9999.0 -9999.0 -9999.0 -9999.0 -9999.0 -9999.0 -9999.0 -9999.0 -9999.0 -9999.0 -9999.0 -9999.0 -9999.0 -9999.0 -9999.0 -9999.0 -9999.0 -9999.0 -9999.0 -9999.0 -9999.0 -9999.0 -9999.0 -9999.0 -136.722 -136.724 -136.721 -136.716 -136.714 -9999.0 -136.714 -136.715 -138.181 -139.096 -144.257 -148.182 -151.11 -152.783 -154.716 -156.194
-134.981 -9999.0 -9999.0 -9999.0 -135.014 -135.027 -135.034 -135.048 -135.057 -135.076 -135.073 -135.809 -136.638 -138.208 -138.217 -139.331 -138.605 -139.304 -137.393 -141.884 -135.106 -134.59 -9999.0 -9999.0 -9999.0 -9999.0 -9999.0 -9999.0 -9999.0 -9999.0 -9999.0 -9999.0 -9999.0 -9999.0 -9999.0 -9999.0 -9999.0 -9999.0 -9999.0 -9999.0 -9999.0 -9999.0 -9999.0 -9999.0 -9999.0 -9999.0 -9999.0 -9999.0 -9999.0 -9999.0 -9999.0 -134.974 -134.973 -134.98 -134.972 -134.98 -137.386 -141.762 -144.392 -146.819 -148.63 -150.259 -151.781 -153.006 -154.308
-133.308 -9999.0 -9999.0 -9999.0 -133.435 -133.462 -133.434 -133.322 -133.311 -133.318 -133.317 -133.323 -133.377 -134.928 -135.881 -136.697 -137.488 -137.107 -136.793 -138.485 -137.609 -138.546 -139.923 -141.785 -133.347 -9999.0 -9999.0 -9999.0 -9999.0 -9999.0 -9999.0 -9999.0 -9999.0 -9999.0 -9999.0 -9999.0 -9999.0 -9999.0 -9999.0 -9999.0 -9999.0 -9999.0 -9999.0 -9999.0 -9999.0 -9999.0 -9999.0 -9999.0 -9999.0 -9999.0 -9999.0 -133.253 -133.232 -133.234 -133.236 -133.376 -134.229 -138.54 -142.061 -145.113 -147.598 -148.868 -150.133 -151.263 -152.551
-9999.0 -9999.0 -9999.0 -131.631 -131.926 -132.185 -132.0 -131.668 -131.585 -131.586 -131.583 -9999.0 -131.573 -132.008 -132.432 -133.223 -133.166 -133.333 -134.918 -135.561 -136.419 -137.251 -139.064 -135.947 -142.813 -141.427 -141.069 -131.651 -139.932 -131.559 -9999.0 -9999.0 -9999.0 -9999.0 -9999.0 -9999.0 -9999.0 -9999.0 -9999.0 -9999.0 -9999.0 -9999.0 -9999.0 -9999.0 -9999.0 -9999.0 -9999.0 -9999.0 -9999.0 -9999.0 -131.475 -131.48 -133.981 -136.788 -131.491 -132.691 -133.846 -136.746 -139.358 -143.281 -145.793 -147.176 -148.729 -149.985 -151.284
-9999.0 -9999.0 -9999.0 -129.954 -129.935 -129.919 -129.903 -129.887 -9999.0 -9999.0 -9999.0 -9999.0 -129.837 -129.854 -130.207 -130.235 -131.338 -132.185 -133.196 -133.037 -133.596 -133.659 -135.425 -136.446 -140.57 -142.741 -149.974 -141.043 -139.157 -137.03 -135.27 -129.772 -129.757 -9999.0 -9999.0 -9999.0 -9999.0 -9999.0 -9999.0 -9999.0 -9999.0 -9999.0 -9999.0 -9999.0 -9999.0 -9999.0 -9999.0 -9999.0 -9999.0 -9999.0 -133.285 -136.884 -137.622 -137.726 -136.815 -129.751 -133.535 -133.666 -138.848 -141.4 -143.892 -145.497 -146.701 -148.414 -149.969
-9999.0 -9999.0 -9999.0 -9999.0 -9999.0 -9999.0 -9999.0 -9999.0 -9999.0 -9999.0 -9999.0 -128.134 -128.238 -128.685 -128.332 -128.395 -128.385 -128.337 -128.373 -129.328 -129.315 -129.556 -132.817 -131.745 -130.44 -131.88 -137.039 -139.095 -139.292 -135.466 -141.161 -141.639 -132.498 -138.011 -127.979 -127.972 -9999.0 -9999.0 -9999.0 -9999.0 -9999.0 -9999.0 -9999.0 -9999.0 -9999.0 -9999.0 -9999.0 -9999.0 -9999.0 -9999.0 -127.973 -130.506 -135.534 -130.988 -136.314 -132.53 -137.369 -134.52 -134.488 -137.58 -141.773 -144.494 -146.268 -147.58 -148.873
-9999.0 -9999.0 -9999.0 -9999.0 -9999.0 -9999.0 -9999.0 -9999.0 -9999.0 -126.468 -126.485 -126.779 -127.767 -127.24 -126.993 -126.659 -127.65 -126.736 -126.827 -126.579 -127.868 -126.281 -127.89 -126.27 -126.261 -126.252 -126.964 -129.582 -129.593 -136.771 -138.49 -137.734 -132.808 -126.522 -126.208 -9999.0 -9999.0 -9999.0 -9999.0 -9999.0 -9999.0 -9999.0 -9999.0 -9999.0 -9999.0 -9999.0 -9999.0 -9999.0 -9999.0 -9999.0 -126.225 -126.213 -138.423 -140.871 -138.434 -141.844 -136.838 -139.228 -138.302 -140.608 -142.013 -143.712 -145.652 -147.064 -148.233
-9999.0 -9999.0 -9999.0 -9999.0 -9999.0 -9999.0 -9999.0 -9999.0 -9999.0 -124.756 -124.728 -125.059 -125.506 -125.927 -125.77 -125.75 -126.227 -126.595 -127.61 -127.899 -127.746 -127.034 -125.172 -124.507 -9999.0 -9999.0 -124.485 -124.671 -128.635 -129.044 -128.152 -124.455 -126.08 -124.446 -9999.0 -9999.0 -9999.0 -9999.0 -9999.0 -9999.0 -9999.0 -9999.0 -9999.0 -9999.0 -9999.0 -9999.0 -9999.0 -9999.0 -9999.0 -9999.0 -9999.0 -124.459 -127.6 -131.614 -129.464 -129.727 -129.892 -131.296 -136.261 -139.36 -141.18 -142.859 -144.686 -146.443 -147.724
-9999.0 -9999.0 -123.415 -123.742 -124.032 -123.706 -123.233 -123.198 -123.209 -123.273 -123.577 -124.311 -123.651 -124.203 -124.916 -124.06 -124.569 -124.878 -126.615 -126.118 -126.978 -127.91 -127.413 -125.83 -122.74 -9999.0 -9999.0 -122.715 -122.709 -125.877 -126.074 -9999.0 -9999.0 -9999.0 -9999.0 -9999.0 -9999.0 -9999.0 -9999.0 -9999.0 -9999.0 -9999.0 -9999.0 -9999.0 -9999.0 -9999.0 -9999.0 -9999.0 -9999.0 -9999.0 -9999.0 -9999.0 -9999.0 -122.872 -126.514 -125.591 -127.655 -131.316 -134.926 -138.748 -140.187 -142.586 -144.336 -145.974 -147.202
-9999.0 -121.84 -123.634 -124.975 -123.739 -122.557 -121.623 -121.546 -121.421 -121.374 -121.78 -122.926 -124.45 -122.602 -122.357 -122.331 -122.753 -123.115 -123.641 -125.051 -126.256 -126.506 -128.012 -127.571 -126.618 -126.88 -124.354 -9999.0 -9999.0 -9999.0 -120.931 -9999.0 -9999.0 -9999.0 -9999.0 -9999.0 -9999.0 -9999.0 -9999.0 -9999.0 -9999.0 -9999.0 -9999.0 -9999.0 -9999.0 -9999.0 -9999.0 -9999.0 -9999.0 -9999.0 -9999.0 -9999.0 -9999.0 -121.025 -123.906 -121.034 -121.357 -121.067 -127.605 -135.005 -138.657 -141.328 -143.728 -145.317 -146.259
