setup_data/66098_caitjcampbell_JJA_NoAm_Map_1980_2009/66098_caitjcampbell_JJA_NoAm_Map_1980_2009/predreg.asc
ncols 291
nrows 150
xllcorner -176.5
yllcorner 3.9000015258789062
cellsize 0.5
NODATA_value -9999
[rows 0 to 28 of 150, columns 130 to 194 of 291]
-156.527 -156.489 -157.042 -156.404 -9999.0 -9999.0 -9999.0 -9999.0 -9999.0 -9999.0 -9999.0 -9999.0 -9999.0 -156.749 -156.877 -159.797 -157.566 -160.813 -159.768 -159.957 -161.299 -159.951 -157.404 -156.621 -9999.0 -9999.0 -156.718 -160.328 -158.484 -157.041 -156.512 -9999.0 -9999.0 -9999.0 -156.365 -156.497 -159.091 -158.009 -162.388 -173.86 -165.82 -173.517 -163.401 -168.186 -172.411 -156.967 -165.159 -156.401 -156.457 -161.371 -162.64 -161.546 -167.286 -161.615 -161.885 -166.062 -165.349 -156.358 -162.109 -162.541 -174.976 -182.028 -182.951 -177.915 -177.752
-154.265 -154.28 -154.294 -154.271 -9999.0 -9999.0 -9999.0 -9999.0 -9999.0 -9999.0 -9999.0 -9999.0 -9999.0 -154.501 -154.629 -154.609 -154.923 -154.902 -155.03 -154.899 -154.88 -155.199 -156.148 -157.416 -154.785 -9999.0 -154.576 -154.74 -154.792 -154.996 -156.035 -155.197 -154.681 -9999.0 -9999.0 -9999.0 -9999.0 -154.321 -154.637 -154.617 -154.635 -154.616 -154.372 -154.794 -154.772 -154.457 -154.034 -9999.0 -159.294 -154.794 -154.417 -159.214 -154.588 -166.773 -163.271 -159.973 -164.299 -164.53 -159.541 -161.162 -174.702 -179.471 -177.11 -177.265 -175.839
-153.182 -152.744 -152.358 -152.338 -9999.0 -9999.0 -9999.0 -9999.0 -9999.0 -9999.0 -9999.0 -152.384 -152.55 -9999.0 -9999.0 -9999.0 -9999.0 -9999.0 -152.61 -152.852 -152.61 -152.553 -152.608 -152.74 -152.531 -9999.0 -9999.0 -9999.0 -152.558 -152.499 -152.736 -152.493 -152.883 -153.05 -153.034 -152.755 -152.29 -9999.0 -9999.0 -9999.0 -152.25 -152.231 -152.175 -9999.0 -9999.0 -9999.0 -152.103 -153.17 -155.049 -156.927 -155.468 -152.015 -152.143 -152.31 -154.895 -155.72 -152.296 -158.071 -162.914 -155.203 -164.145 -174.875 -170.063 -169.282 -163.275
-150.452 -150.43 -150.368 -9999.0 -9999.0 -9999.0 -9999.0 -9999.0 -9999.0 -9999.0 -150.52 -150.424 -150.514 -150.568 -9999.0 -9999.0 -9999.0 -9999.0 -9999.0 -9999.0 -9999.0 -9999.0 -9999.0 -9999.0 -9999.0 -9999.0 -9999.0 -9999.0 -9999.0 -9999.0 -150.552 -150.791 -150.772 -150.458 -150.441 -150.384 -9999.0 -9999.0 -9999.0 -9999.0 -150.288 -150.49 -150.584 -150.273 -9999.0 -9999.0 -150.183 -150.168 -152.705 -155.528 -155.111 -157.756 -159.772 -155.483 -157.26 -161.252 -161.3 -156.503 -153.2 -150.924 -155.397 -166.746 -150.94 -161.55 -155.081
-9999.0 -9999.0 -9999.0 -148.474 -150.059 -148.758 -9999.0 -9999.0 -9999.0 -9999.0 -9999.0 -9999.0 -9999.0 -148.434 -148.45 -9999.0 -9999.0 -9999.0 -9999.0 -148.569 -148.587 -148.754 -148.777 -148.577 -9999.0 -148.266 -148.541 -9999.0 -9999.0 -149.034 -152.301 -153.285 -154.351 -154.336 -152.571 -151.716 -148.434 -148.469 -148.449 -152.078 -150.908 -148.285 -148.86 -148.586 -155.62 -150.753 -158.772 -150.751 -153.37 -153.875 -155.326 -162.619 -152.894 -158.428 -148.687 -152.211 -154.871 -154.309 -160.688 -158.977 -168.391 -161.041 -168.639 -164.771 -156.591
-9999.0 -9999.0 -146.569 -146.393 -147.163 -148.65 -146.283 -9999.0 -9999.0 -9999.0 -9999.0 -9999.0 -9999.0 -9999.0 -146.514 -146.567 -146.584 -146.637 -146.541 -146.82 -149.129 -148.559 -146.759 -147.036 -149.532 -149.57 -148.793 -148.514 -9999.0 -9999.0 -146.595 -146.647 -146.921 -146.977 -146.885 -146.939 -146.514 -146.826 -148.497 -152.114 -149.281 -146.721 -146.78 -146.691 -146.345 -146.365 -146.386 -146.404 -146.385 -146.331 -146.276 -146.295 -146.461 -146.372 -146.317 -146.301 -146.319 -146.34 -146.36 -146.344 -146.255 -146.679 -146.848 -146.686 -146.558
-9999.0 -9999.0 -9999.0 -144.513 -144.525 -144.698 -147.184 -146.74 -147.061 -146.957 -146.194 -146.43 -9999.0 -9999.0 -9999.0 -144.46 -144.439 -144.64 -146.511 -147.418 -147.33 -145.827 -144.761 -145.09 -146.932 -146.763 -146.258 -145.964 -9999.0 -9999.0 -144.745 -9999.0 -144.703 -145.015 -9999.0 -9999.0 -9999.0 -9999.0 -144.593 -145.363 -147.403 -149.887 -147.309 -145.644 -144.464 -146.136 -144.468 -9999.0 -144.469 -9999.0 -9999.0 -9999.0 -144.471 -144.376 -150.248 -155.418 -154.985 -163.823 -164.76 -157.602 -147.786 -144.799 -144.382 -9999.0 -144.275
-142.608 -143.562 -145.422 -145.731 -145.801 -142.8 -144.873 -142.841 -147.127 -144.406 -143.706 -142.118 -9999.0 -142.335 -142.461 -142.477 -9999.0 -9999.0 -9999.0 -9999.0 -9999.0 -142.647 -142.861 -143.511 -145.411 -146.005 -145.787 -142.838 -9999.0 -142.743 -145.066 -146.321 -145.653 -145.859 -145.692 -145.038 -9999.0 -9999.0 -142.816 -145.336 -146.266 -148.09 -148.627 -148.128 -148.366 -148.113 -148.26 -149.17 -148.636 -149.724 -148.458 -153.702 -154.296 -154.061 -159.46 -163.328 -164.52 -167.159 -168.767 -165.403 -161.929 -157.743 -149.102 -142.647 -9999.0
-141.114 -140.692 -140.704 -140.678 -140.614 -9999.0 -140.56 -140.498 -140.474 -140.45 -9999.0 -9999.0 -9999.0 -9999.0 -9999.0 -9999.0 -9999.0 -9999.0 -9999.0 -9999.0 -9999.0 -9999.0 -140.765 -140.708 -140.688 -140.777 -9999.0 -9999.0 -9999.0 -9999.0 -140.824 -140.949 -141.039 -140.608 -141.077 -141.098 -9999.0 -9999.0 -140.685 -140.777 -144.151 -140.821 -144.597 -148.104 -143.741 -140.91 -147.021 -148.841 -149.694 -146.542 -143.951 -151.741 -146.53 -146.81 -146.737 -143.365 -140.979 -146.317 -149.61 -152.305 -146.391 -147.244 -140.663 -140.571 -9999.0
-9999.0 -9999.0 -9999.0 -9999.0 -9999.0 -9999.0 -9999.0 -9999.0 -9999.0 -9999.0 -9999.0 -9999.0 -9999.0 -9999.0 -9999.0 -9999.0 -9999.0 -9999.0 -9999.0 -9999.0 -9999.0 -9999.0 -9999.0 -9999.0 -9999.0 -9999.0 -138.797 -138.85 -9999.0 -9999.0 -9999.0 -9999.0 -9999.0 -138.996 -138.94 -141.365 -140.856 -138.783 -9999.0 -9999.0 -9999.0 -9999.0 -9999.0 -9999.0 -9999.0 -9999.0 -138.868 -138.85 -138.834 -138.892 -138.875 -138.857 -138.875 -9999.0 -9999.0 -9999.0 -9999.0 -9999.0 -138.81 -138.831 -9999.0 -9999.0 -9999.0 -9999.0 -9999.0
-9999.0 -9999.0 -9999.0 -9999.0 -9999.0 -9999.0 -136.7 -136.638 -9999.0 -136.625 -139.713 -139.224 -139.188 -136.611 -9999.0 -9999.0 -9999.0 -9999.0 -9999.0 -9999.0 -136.754 -136.823 -140.167 -139.559 -137.868 -139.061 -139.599 -140.0 -139.393 -9999.0 -9999.0 -136.983 -139.898 -139.756 -139.766 -142.723 -142.532 -141.444 -142.542 -142.707 -142.286 -140.098 -136.952 -9999.0 -9999.0 -9999.0 -136.929 -142.812 -141.446 -142.189 -142.358 -143.144 -139.746 -9999.0 -9999.0 -137.108 -138.658 -139.641 -142.054 -140.634 -136.913 -139.164 -147.21 -143.515 -136.886
-9999.0 -9999.0 -9999.0 -9999.0 -9999.0 -9999.0 -136.706 -137.661 -135.017 -135.476 -134.636 -135.174 -135.822 -134.607 -9999.0 -9999.0 -9999.0 -9999.0 -134.901 -9999.0 -134.967 -134.873 -134.924 -137.283 -137.773 -137.547 -139.1 -135.041 -135.209 -135.014 -9999.0 -135.171 -140.425 -142.442 -140.737 -140.785 -140.399 -139.735 -139.411 -138.181 -135.163 -9999.0 -9999.0 -9999.0 -135.04 -138.92 -140.867 -140.667 -140.743 -140.67 -135.231 -135.179 -135.037 -135.329 -137.443 -145.675 -146.238 -147.737 -147.079 -148.497 -154.906 -144.038 -135.801 -141.076 -149.3
-133.311 -133.247 -132.997 -134.709 -138.221 -9999.0 -132.966 -135.69 -136.606 -135.644 -135.21 -133.931 -132.748 -9999.0 -9999.0 -9999.0 -9999.0 -133.005 -133.173 -133.907 -133.042 -133.428 -133.266 -133.856 -134.091 -133.296 -133.316 -133.659 -133.173 -136.169 -9999.0 -133.153 -136.068 -134.74 -136.23 -133.314 -133.127 -133.178 -133.2 -133.15 -9999.0 -9999.0 -9999.0 -133.318 -135.844 -136.719 -136.087 -136.604 -138.628 -137.487 -9999.0 -133.302 -138.421 -143.957 -143.742 -138.335 -143.044 -143.808 -145.23 -143.878 -139.481 -143.256 -133.192 -133.356 -133.665
-136.241 -137.078 -136.998 -136.73 -136.339 -132.928 -131.137 -130.914 -131.92 -133.748 -135.641 -133.409 -131.457 -9999.0 -9999.0 -9999.0 -9999.0 -9999.0 -9999.0 -131.155 -131.098 -131.041 -131.371 -131.708 -132.348 -133.499 -132.592 -134.051 -133.04 -133.679 -131.307 -9999.0 -131.354 -134.933 -134.294 -131.325 -9999.0 -9999.0 -9999.0 -9999.0 -9999.0 -9999.0 -9999.0 -131.397 -133.905 -134.742 -135.782 -134.112 -135.209 -134.786 -131.524 -9999.0 -132.37 -132.181 -133.957 -136.56 -134.418 -138.615 -137.304 -134.875 -134.86 -131.375 -134.19 -131.966 -137.125
-135.71 -133.979 -135.152 -134.84 -131.838 -130.687 -129.359 -129.217 -129.594 -130.289 -130.621 -131.085 -130.755 -129.68 -9999.0 -9999.0 -9999.0 -9999.0 -9999.0 -9999.0 -9999.0 -9999.0 -129.308 -129.19 -129.542 -129.705 -129.293 -129.21 -129.376 -129.4 -9999.0 -129.394 -132.534 -132.546 -130.572 -129.368 -9999.0 -9999.0 -9999.0 -9999.0 -9999.0 -9999.0 -129.644 -131.244 -133.043 -133.508 -133.879 -133.33 -133.326 -132.996 -132.278 -129.393 -129.412 -129.472 -130.723 -130.935 -132.708 -135.368 -133.663 -133.815 -134.006 -134.611 -133.922 -143.42 -139.438
-133.021 -133.185 -133.141 -131.269 -130.451 -129.455 -128.525 -130.19 -128.201 -129.152 -128.234 -127.849 -127.758 -127.399 -127.269 -9999.0 -9999.0 -9999.0 -9999.0 -9999.0 -9999.0 -9999.0 -9999.0 -9999.0 -127.558 -127.364 -127.386 -9999.0 -9999.0 -9999.0 -130.199 -129.953 -131.066 -133.37 -134.06 -131.09 -128.255 -9999.0 -9999.0 -9999.0 -9999.0 -9999.0 -9999.0 -127.896 -127.735 -127.719 -127.704 -127.823 -129.279 -129.443 -129.081 -129.5 -127.882 -128.245 -129.446 -129.884 -129.567 -129.719 -130.585 -130.278 -130.42 -131.461 -130.689 -130.025 -130.279
-129.057 -129.477 -129.966 -129.278 -128.737 -128.197 -128.204 -127.923 -128.497 -127.847 -127.775 -127.491 -127.244 -127.272 -126.347 -125.986 -125.564 -125.576 -9999.0 -9999.0 -9999.0 -125.662 -125.722 -9999.0 -9999.0 -9999.0 -9999.0 -9999.0 -9999.0 -125.745 -125.551 -128.439 -132.81 -132.924 -132.877 -133.616 -132.443 -126.827 -125.798 -9999.0 -9999.0 -9999.0 -9999.0 -9999.0 -126.154 -126.845 -127.825 -128.689 -127.958 -127.689 -128.717 -128.605 -130.35 -128.34 -127.987 -127.991 -128.473 -130.762 -129.785 -128.152 -127.575 -127.449 -127.414 -127.518 -126.0
-126.061 -125.17 -125.767 -126.176 -125.921 -125.832 -126.406 -126.446 -125.651 -126.084 -126.937 -127.615 -126.639 -125.523 -125.025 -124.915 -124.839 -124.679 -124.218 -123.872 -123.987 -123.889 -9999.0 -9999.0 -9999.0 -9999.0 -9999.0 -9999.0 -9999.0 -9999.0 -125.276 -125.987 -127.293 -128.539 -128.594 -128.185 -127.908 -126.042 -123.993 -124.077 -9999.0 -9999.0 -9999.0 -9999.0 -9999.0 -124.385 -124.406 -123.994 -123.942 -123.926 -126.902 -127.276 -125.663 -129.387 -128.055 -129.31 -129.243 -127.372 -124.224 -124.209 -124.623 -125.26 -125.492 -124.89 -126.746
-125.961 -125.611 -124.622 -124.389 -123.925 -123.786 -123.462 -123.26 -123.084 -123.698 -123.345 -123.878 -124.775 -123.778 -122.942 -123.163 -122.014 -122.85 -122.128 -121.902 -121.89 -122.163 -9999.0 -9999.0 -9999.0 -9999.0 -122.255 -122.835 -122.611 -122.215 -122.093 -121.859 -121.99 -121.931 -124.533 -122.794 -122.277 -122.581 -122.664 -9999.0 -122.573 -9999.0 -9999.0 -9999.0 -9999.0 -9999.0 -9999.0 -9999.0 -122.526 -122.542 -9999.0 -9999.0 -126.314 -127.761 -127.2 -124.962 -124.243 -123.019 -122.382 -122.474 -122.492 -122.44 -122.379 -122.279 -122.295
-122.631 -122.58 -122.206 -122.252 -122.432 -123.741 -124.694 -123.689 -121.353 -120.39 -120.391 -120.499 -120.836 -121.08 -121.079 -121.27 -120.37 -121.199 -120.747 -120.442 -120.43 -120.419 -120.442 -120.433 -120.439 -120.764 -120.42 -121.104 -121.436 -121.157 -120.126 -120.261 -120.28 -9999.0 -120.242 -120.737 -120.595 -121.904 -122.02 -123.227 -124.64 -120.627 -120.852 -9999.0 -122.28 -120.923 -9999.0 -9999.0 -9999.0 -9999.0 -9999.0 -9999.0 -120.306 -125.637 -125.489 -125.325 -123.411 -121.784 -121.615 -121.723 -120.621 -9999.0 -9999.0 -9999.0 -120.54
-120.865 -119.536 -118.779 -118.533 -118.623 -118.918 -118.817 -119.328 -119.38 -121.619 -120.02 -118.754 -118.553 -118.642 -118.629 -118.65 -118.641 -118.699 -118.723 -118.747 -9999.0 -9999.0 -118.712 -118.737 -118.688 -118.75 -118.411 -118.342 -118.869 -119.397 -119.295 -118.418 -118.585 -118.493 -118.44 -118.491 -118.729 -119.626 -122.434 -122.231 -121.842 -119.972 -9999.0 -119.937 -120.567 -122.011 -120.587 -9999.0 -9999.0 -9999.0 -9999.0 -118.956 -123.921 -123.522 -124.417 -125.257 -121.932 -122.558 -118.992 -119.437 -118.881 -9999.0 -9999.0 -9999.0 -118.799
-117.537 -117.466 -9999.0 -9999.0 -9999.0 -117.189 -116.907 -116.946 -116.947 -117.098 -117.902 -118.451 -117.722 -117.342 -116.908 -116.968 -116.993 -9999.0 -9999.0 -9999.0 -9999.0 -9999.0 -9999.0 -9999.0 -9999.0 -116.96 -117.203 -117.184 -117.054 -116.991 -117.387 -116.885 -116.906 -116.811 -117.675 -118.127 -118.507 -120.033 -119.633 -122.143 -121.497 -119.142 -119.807 -119.115 -120.146 -118.855 -117.065 -117.358 -9999.0 -116.757 -9999.0 -121.22 -122.72 -123.354 -122.213 -121.757 -120.706 -122.63 -117.097 -117.152 -9999.0 -9999.0 -9999.0 -9999.0 -117.07
-118.955 -118.811 -118.949 -118.849 -117.087 -115.543 -115.511 -117.048 -117.253 -118.158 -117.762 -117.792 -117.156 -116.929 -116.735 -117.127 -116.372 -115.726 -115.35 -115.351 -115.409 -115.538 -115.654 -115.495 -115.445 -115.484 -115.297 -115.204 -115.456 -115.516 -115.192 -115.217 -116.931 -117.209 -117.784 -118.879 -119.908 -120.906 -120.273 -120.91 -118.991 -120.377 -118.321 -118.99 -121.166 -122.636 -119.739 -9999.0 -9999.0 -114.959 -118.406 -120.657 -122.05 -122.027 -122.338 -120.817 -121.782 -120.439 -119.874 -118.503 -9999.0 -9999.0 -9999.0 -9999.0 -9999.0
-121.839 -120.086 -120.036 -119.766 -120.142 -115.417 -116.65 -113.726 -114.075 -117.586 -116.903 -117.723 -117.003 -116.657 -116.107 -116.284 -116.234 -116.163 -115.681 -115.394 -115.88 -115.72 -115.77 -115.068 -115.469 -114.888 -114.759 -115.063 -114.939 -114.6 -114.0 -113.781 -113.536 -117.192 -117.589 -117.197 -116.267 -118.067 -119.022 -119.482 -119.669 -120.946 -119.609 -120.689 -120.165 -120.068 -118.821 -114.763 -113.925 -115.361 -119.519 -119.183 -114.665 -116.488 -118.387 -118.337 -118.6 -118.002 -116.874 -115.906 -113.753 -9999.0 -9999.0 -9999.0 -9999.0
-120.513 -120.479 -119.21 -118.598 -117.906 -117.897 -117.999 -112.502 -115.023 -116.353 -117.545 -116.854 -116.932 -116.131 -115.888 -115.303 -115.434 -115.36 -114.955 -115.065 -114.849 -114.772 -115.256 -114.676 -114.587 -114.579 -114.631 -114.62 -114.571 -113.45 -113.119 -113.36 -114.779 -117.483 -117.684 -117.707 -117.782 -117.725 -115.574 -115.949 -117.719 -118.989 -120.615 -119.583 -117.66 -117.648 -115.765 -117.523 -114.692 -112.036 -112.552 -112.294 -116.141 -117.224 -114.493 -114.598 -115.769 -113.63 -112.059 -112.16 -9999.0 -9999.0 -9999.0 -9999.0 -9999.0
-117.674 -119.171 -120.643 -120.87 -117.811 -116.804 -116.892 -116.785 -114.226 -113.713 -115.583 -116.19 -114.813 -115.669 -115.276 -115.085 -114.451 -113.886 -113.762 -113.492 -113.345 -113.358 -113.171 -113.969 -113.016 -112.813 -113.06 -113.173 -112.474 -113.851 -113.77 -113.147 -114.745 -116.028 -115.803 -116.309 -116.924 -116.988 -114.886 -114.254 -115.82 -116.198 -116.483 -118.497 -116.21 -116.037 -115.829 -114.447 -112.874 -111.866 -110.943 -9999.0 -110.408 -110.182 -110.339 -110.365 -110.455 -9999.0 -9999.0 -9999.0 -9999.0 -9999.0 -9999.0 -9999.0 -9999.0
-118.685 -117.628 -118.517 -118.904 -117.651 -116.454 -116.448 -115.693 -114.644 -114.8 -114.513 -114.68 -114.459 -114.547 -114.091 -113.563 -112.671 -112.351 -111.96 -111.982 -113.301 -111.793 -112.036 -111.725 -111.539 -111.261 -111.558 -111.585 -111.044 -111.731 -111.844 -111.706 -112.511 -113.47 -113.93 -114.436 -113.521 -114.381 -114.551 -114.498 -114.631 -114.646 -114.3 -114.077 -108.66 -108.749 -111.571 -111.526 -110.172 -108.432 -108.679 -108.877 -109.09 -108.643 -108.801 -108.689 -108.808 -9999.0 -9999.0 -9999.0 -9999.0 -9999.0 -9999.0 -9999.0 -9999.0
-116.916 -116.99 -116.787 -115.482 -116.659 -115.929 -114.963 -113.379 -113.606 -113.25 -113.385 -112.574 -112.76 -111.763 -111.721 -111.369 -110.999 -111.095 -111.336 -110.977 -110.901 -110.441 -110.882 -110.37 -109.725 -111.809 -110.304 -109.988 -110.167 -110.129 -109.721 -110.103 -110.184 -110.067 -110.12 -110.749 -111.408 -110.95 -111.858 -111.811 -112.649 -112.242 -112.839 -112.936 -112.475 -112.486 -109.662 -108.528 -107.707 -9999.0 -107.136 -108.183 -107.48 -108.459 -112.31 -110.302 -9999.0 -9999.0 -9999.0 -9999.0 -9999.0 -9999.0 -9999.0 -9999.0 -9999.0
-114.177 -114.597 -114.495 -114.391 -113.411 -113.452 -112.228 -112.423 -112.372 -112.844 -111.695 -111.543 -111.722 -111.533 -111.088 -111.595 -109.603 -108.798 -108.984 -108.68 -109.002 -107.332 -107.134 -107.078 -107.562 -108.477 -108.009 -108.44 -108.155 -108.481 -108.663 -108.557 -108.557 -107.056 -107.999 -107.594 -108.367 -108.202 -108.099 -108.25 -108.105 -108.26 -108.572 -108.47 -108.825 -108.721 -107.335 -106.0 -105.546 -9999.0 -105.809 -106.383 -106.4 -108.695 -111.375 -111.227 -112.013 -110.139 -110.321 -9999.0 -9999.0 -9999.0 -9999.0 -9999.0 -9999.0
