setup_data/66098_caitjcampbell_JJA_NoAm_Map_1980_2009/66098_caitjcampbell_JJA_NoAm_Map_1980_2009/stdkrig.asc
ncols 291
nrows 150
xllcorner -176.5
yllcorner 3.9000015258789062
cellsize 0.5
NODATA_value -9999
[rows 0 to 28 of 150, columns 201 to 267 of 291]
12.4927 12.5504 12.6089 -9999.0 -9999.0 -9999.0 -9999.0 12.9117 12.9743 13.0375 13.1013 13.1657 13.2307 13.2962 13.3623 13.4289 13.496 13.5635 13.6315 13.6999 13.7687 13.8378 13.9074 13.9772 14.0473 14.1177 14.1884 14.2593 14.3303 14.4016 14.473 14.5445 14.6162 14.6879 14.7596 14.8314 14.9033 14.9751 15.0468 15.1186 15.1902 15.2618 15.3333 15.4046 15.4758 15.5468 15.6176 15.6883 15.7587 15.829 15.8989 15.9687 16.0381 16.1073 16.1762 16.2448 16.313 16.381 16.4486 16.5158 16.5827 16.6492 16.7154 16.7812 16.8466 16.9116 16.9762
12.1785 12.2395 -9999.0 -9999.0 -9999.0 -9999.0 12.5568 12.6227 12.6893 12.7566 12.8247 12.8934 12.9628 13.0328 13.1034 13.1747 13.2465 13.3188 13.3916 13.4649 13.5386 13.6127 13.6872 13.7621 13.8373 13.9128 13.9885 14.0645 14.1406 14.217 14.2935 14.3701 14.4467 14.5235 14.6003 14.677 14.7538 14.8305 14.9072 14.9837 15.0602 15.1365 15.2127 15.2887 15.3644 15.44 15.5154 15.5904 15.6653 15.7398 15.814 15.888 15.9616 16.0348 16.1077 16.1803 16.2524 16.3242 16.3955 16.4665 16.537 16.6071 16.6768 16.746 16.8148 16.8831 16.951
-9999.0 -9999.0 -9999.0 -9999.0 -9999.0 -9999.0 -9999.0 12.3337 12.4045 12.476 12.5484 12.6217 12.6956 12.7704 12.8458 12.9219 12.9986 13.076 13.1539 13.2323 13.3112 13.3906 13.4704 13.5506 13.6311 13.7119 13.793 13.8743 13.9558 14.0375 14.1193 14.2012 14.2831 14.3651 14.4471 14.5291 14.6109 14.6927 14.7744 14.856 14.9374 15.0185 15.0995 15.1802 15.2607 15.3409 15.4208 15.5004 15.5797 15.6586 15.7371 15.8152 15.893 15.9703 16.0472 16.1237 16.1997 16.2753 16.3504 16.425 16.4992 16.5728 16.6459 16.7185 16.7906 16.8622 16.9333
-9999.0 -9999.0 -9999.0 -9999.0 -9999.0 -9999.0 -9999.0 12.0458 12.1207 12.1967 12.2737 12.3516 12.4304 12.51 12.5905 12.6718 12.7537 12.8364 12.9197 13.0036 13.088 13.173 13.2583 13.3441 13.4302 13.5167 13.6034 13.6903 13.7774 13.8647 13.952 14.0394 14.1269 14.2143 14.3016 14.3889 14.4761 14.5631 14.65 14.7366 14.823 14.9092 14.995 15.0806 15.1658 15.2507 15.3352 15.4193 15.503 15.5862 15.6691 15.7514 15.8333 15.9147 15.9956 16.076 16.1558 16.2351 16.3139 16.3921 16.4698 16.5468 16.6233 16.6993 16.7746 16.8493 16.9234
-9999.0 -9999.0 -9999.0 -9999.0 -9999.0 -9999.0 -9999.0 -9999.0 -9999.0 11.9199 12.0016 12.0844 12.1683 12.2532 12.3391 12.4258 12.5134 12.6017 12.6907 12.7804 12.8707 12.9615 13.0528 13.1445 13.2366 13.3289 13.4215 13.5143 13.6073 13.7003 13.7935 13.8866 13.9797 14.0727 14.1656 14.2583 14.3509 14.4433 14.5354 14.6272 14.7187 14.8098 14.9006 14.991 15.081 15.1705 15.2596 15.3482 15.4363 15.5239 15.6109 15.6974 15.7834 15.8687 15.9535 16.0377 16.1213 16.2043 16.2866 16.3683 16.4494 16.5298 16.6095 16.6886 16.7671 16.8448 16.9219
-9999.0 -9999.0 -9999.0 -9999.0 -9999.0 -9999.0 -9999.0 -9999.0 -9999.0 -9999.0 -9999.0 -9999.0 11.9114 12.0019 12.0935 12.1861 12.2797 12.3741 12.4692 12.5651 12.6616 12.7586 12.8561 12.9541 13.0523 13.1509 13.2496 13.3486 13.4476 13.5466 13.6457 13.7447 13.8436 13.9423 14.0408 14.1391 14.2371 14.3349 14.4322 14.5292 14.6258 14.7219 14.8176 14.9128 15.0075 15.1016 15.1952 15.2882 15.3807 15.4725 15.5636 15.6542 15.7441 15.8333 15.9219 16.0097 16.0969 16.1834 16.2691 16.3542 16.4385 16.5221 16.6049 16.687 16.7684 16.8491 16.9289
-9999.0 -9999.0 -9999.0 -9999.0 -9999.0 -9999.0 -9999.0 -9999.0 -9999.0 -9999.0 -9999.0 -9999.0 -9999.0 -9999.0 -9999.0 -9999.0 -9999.0 12.1563 12.258 -9999.0 -9999.0 -9999.0 -9999.0 -9999.0 -9999.0 -9999.0 -9999.0 -9999.0 -9999.0 -9999.0 -9999.0 13.616 13.7207 13.8252 13.9294 14.0332 14.1367 14.2397 14.3423 14.4444 14.546 14.647 14.7475 14.8474 14.9467 15.0453 15.1432 15.2405 15.3371 15.433 15.5281 15.6225 15.7162 15.8091 15.9012 15.9926 16.0832 16.173 16.262 16.3501 16.4375 16.5241 16.6099 16.6948 16.7789 16.8623 16.9448
-9999.0 -9999.0 -9999.0 -9999.0 -9999.0 -9999.0 -9999.0 -9999.0 -9999.0 -9999.0 -9999.0 -9999.0 -9999.0 -9999.0 -9999.0 -9999.0 -9999.0 -9999.0 -9999.0 -9999.0 -9999.0 -9999.0 -9999.0 -9999.0 -9999.0 -9999.0 -9999.0 -9999.0 -9999.0 -9999.0 -9999.0 -9999.0 -9999.0 -9999.0 -9999.0 13.9426 14.0514 14.1597 14.2673 14.3744 14.4808 14.5866 14.6916 14.796 14.8996 15.0025 15.1046 15.206 15.3065 15.4062 15.5051 15.6031 15.7004 15.7967 15.8922 15.9868 16.0806 16.1735 16.2655 16.3566 16.4468 16.5361 16.6246 16.7121 16.7988 16.8845 16.9694
-9999.0 -9999.0 -9999.0 -9999.0 -9999.0 -9999.0 -9999.0 -9999.0 -9999.0 -9999.0 -9999.0 -9999.0 -9999.0 -9999.0 -9999.0 -9999.0 -9999.0 -9999.0 -9999.0 -9999.0 -9999.0 -9999.0 -9999.0 -9999.0 -9999.0 -9999.0 -9999.0 -9999.0 -9999.0 -9999.0 -9999.0 -9999.0 -9999.0 -9999.0 -9999.0 -9999.0 13.9831 14.0963 14.2088 14.3205 14.4315 14.5417 14.6511 14.7597 14.8674 14.9743 15.0803 15.1854 15.2896 15.3928 15.4952 15.5966 15.697 15.7966 15.8951 15.9928 16.0894 16.1851 16.2798 16.3736 16.4664 16.5582 16.6491 16.739 16.8279 16.9159 17.0029
-9999.0 -9999.0 -9999.0 -9999.0 -9999.0 -9999.0 -9999.0 -9999.0 -9999.0 -9999.0 -9999.0 -9999.0 -9999.0 -9999.0 -9999.0 -9999.0 -9999.0 -9999.0 -9999.0 -9999.0 -9999.0 -9999.0 -9999.0 -9999.0 -9999.0 -9999.0 -9999.0 -9999.0 -9999.0 -9999.0 -9999.0 -9999.0 -9999.0 -9999.0 -9999.0 -9999.0 -9999.0 14.0512 14.1681 14.2842 14.3993 14.5136 14.627 14.7394 14.8508 14.9613 15.0708 15.1793 15.2868 15.3933 15.4987 15.6032 15.7066 15.8089 15.9102 16.0105 16.1098 16.208 16.3051 16.4012 16.4963 16.5904 16.6834 16.7753 16.8663 16.9562 17.0452
-9999.0 -9999.0 -9999.0 -9999.0 -9999.0 -9999.0 -9999.0 -9999.0 -9999.0 -9999.0 -9999.0 -9999.0 -9999.0 -9999.0 -9999.0 -9999.0 -9999.0 -9999.0 -9999.0 -9999.0 -9999.0 -9999.0 -9999.0 -9999.0 -9999.0 -9999.0 -9999.0 -9999.0 -9999.0 -9999.0 -9999.0 -9999.0 -9999.0 -9999.0 -9999.0 -9999.0 -9999.0 -9999.0 14.1462 14.2661 14.385 14.5029 14.6198 14.7356 14.8503 14.964 15.0766 15.1881 15.2984 15.4077 15.5159 15.623 15.7289 15.8338 15.9375 16.0401 16.1416 16.2419 16.3412 16.4393 16.5364 16.6323 16.7272 16.821 16.9136 17.0053 17.0958
-9999.0 -9999.0 -9999.0 -9999.0 -9999.0 -9999.0 -9999.0 -9999.0 -9999.0 -9999.0 -9999.0 -9999.0 -9999.0 -9999.0 -9999.0 -9999.0 -9999.0 -9999.0 -9999.0 -9999.0 -9999.0 -9999.0 -9999.0 -9999.0 -9999.0 -9999.0 -9999.0 -9999.0 -9999.0 -9999.0 -9999.0 -9999.0 -9999.0 -9999.0 -9999.0 -9999.0 -9999.0 -9999.0 -9999.0 14.2668 14.3889 14.5099 14.6297 14.7484 14.866 14.9824 15.0976 15.2116 15.3244 15.4361 15.5466 15.6559 15.764 15.8709 15.9766 16.0812 16.1845 16.2867 16.3877 16.4876 16.5863 16.6838 16.7802 16.8755 16.9696 17.0626 17.1544
-9999.0 -9999.0 -9999.0 -9999.0 -9999.0 -9999.0 -9999.0 -9999.0 -9999.0 -9999.0 -9999.0 -9999.0 -9999.0 -9999.0 -9999.0 -9999.0 -9999.0 -9999.0 -9999.0 -9999.0 -9999.0 -9999.0 -9999.0 -9999.0 -9999.0 -9999.0 -9999.0 -9999.0 -9999.0 -9999.0 -9999.0 -9999.0 -9999.0 -9999.0 -9999.0 -9999.0 -9999.0 -9999.0 -9999.0 14.2863 14.411 14.5345 14.6568 14.7778 14.8976 15.0162 15.1335 15.2496 15.3645 15.478 15.5904 15.7015 15.8113 15.9199 16.0272 16.1333 16.2382 16.3419 16.4443 16.5455 16.6455 16.7443 16.8419 16.9383 17.0336 17.1277 17.2206
9.07454 9.174 9.27991 -9999.0 -9999.0 -9999.0 -9999.0 -9999.0 -9999.0 -9999.0 -9999.0 -9999.0 -9999.0 -9999.0 -9999.0 -9999.0 -9999.0 -9999.0 -9999.0 -9999.0 -9999.0 -9999.0 -9999.0 -9999.0 -9999.0 -9999.0 -9999.0 -9999.0 -9999.0 -9999.0 -9999.0 -9999.0 -9999.0 -9999.0 -9999.0 -9999.0 -9999.0 -9999.0 -9999.0 -9999.0 14.4508 14.5762 14.7003 14.8232 14.9447 15.065 15.1839 15.3015 15.4179 15.5329 15.6466 15.7591 15.8702 15.9801 16.0886 16.1959 16.3019 16.4067 16.5102 16.6124 16.7134 16.8131 16.9117 17.009 17.1051 17.2 17.2937
9.06751 9.16529 9.27016 9.38132 9.49808 -9999.0 9.74578 9.87559 -9999.0 -9999.0 -9999.0 -9999.0 -9999.0 -9999.0 -9999.0 -9999.0 -9999.0 -9999.0 -9999.0 -9999.0 -9999.0 -9999.0 -9999.0 -9999.0 -9999.0 -9999.0 -9999.0 -9999.0 -9999.0 -9999.0 -9999.0 -9999.0 -9999.0 -9999.0 -9999.0 -9999.0 -9999.0 -9999.0 -9999.0 -9999.0 14.5074 14.6341 14.7595 14.8836 15.0063 15.1277 15.2477 15.3664 15.4838 15.5998 15.7145 15.8279 15.9399 16.0506 16.16 16.2681 16.3749 16.4804 16.5846 16.6875 16.7892 16.8896 16.9887 17.0866 17.1833 17.2788 17.373
9.10814 9.20547 9.30985 9.42061 9.5371 9.65871 9.78483 9.91493 10.0485 10.185 -9999.0 -9999.0 -9999.0 -9999.0 -9999.0 -9999.0 -9999.0 -9999.0 -9999.0 -9999.0 -9999.0 -9999.0 -9999.0 -9999.0 -9999.0 -9999.0 -9999.0 -9999.0 -9999.0 -9999.0 -9999.0 -9999.0 -9999.0 -9999.0 -9999.0 -9999.0 -9999.0 -9999.0 -9999.0 -9999.0 -9999.0 14.707 14.8331 14.9578 15.0812 15.2033 15.3239 15.4432 15.5612 15.6778 15.793 15.9069 16.0194 16.1306 16.2405 16.349 16.4562 16.5621 16.6667 16.77 16.8721 16.9728 17.0723 17.1705 17.2675 17.3633 17.4578
9.17716 9.27656 9.38253 9.49452 9.61198 9.73434 9.86107 9.99167 10.1257 10.2626 10.4021 10.5437 10.6871 10.832 10.978 -9999.0 -9999.0 -9999.0 -9999.0 -9999.0 -9999.0 -9999.0 -9999.0 -9999.0 -9999.0 -9999.0 -9999.0 -9999.0 -9999.0 -9999.0 -9999.0 -9999.0 -9999.0 -9999.0 -9999.0 -9999.0 -9999.0 -9999.0 -9999.0 -9999.0 -9999.0 -9999.0 14.9196 15.0446 15.1681 15.2903 15.4112 15.5306 15.6487 15.7655 15.8808 15.9949 16.1075 16.2188 16.3288 16.4375 16.5448 16.6508 16.7555 16.859 16.9611 17.0619 17.1615 17.2598 17.3568 17.4526 17.5472
9.2672 9.37076 9.4802 9.59504 9.71479 9.83895 9.96708 10.0987 10.2335 10.3709 10.5107 10.6524 10.7958 10.9406 11.0865 11.2332 11.3806 -9999.0 -9999.0 -9999.0 -9999.0 -9999.0 -9999.0 -9999.0 -9999.0 -9999.0 -9999.0 -9999.0 -9999.0 -9999.0 -9999.0 -9999.0 -9999.0 -9999.0 -9999.0 -9999.0 -9999.0 -9999.0 -9999.0 -9999.0 -9999.0 -9999.0 15.0175 15.1422 15.2655 15.3874 15.508 15.6272 15.7451 15.8616 15.9768 16.0906 16.2031 16.3142 16.424 16.5325 16.6396 16.7455 16.85 16.9533 17.0552 17.1559 17.2553 17.3535 17.4504 17.5461 17.6405
9.37931 9.48802 9.60182 9.72027 9.84292 9.96938 10.0993 10.2322 10.3677 10.5057 10.6456 10.7873 10.9304 11.0747 11.22 11.366 11.5125 11.6593 -9999.0 -9999.0 -9999.0 -9999.0 -9999.0 -9999.0 -9999.0 -9999.0 -9999.0 -9999.0 -9999.0 -9999.0 -9999.0 -9999.0 -9999.0 -9999.0 -9999.0 -9999.0 -9999.0 -9999.0 -9999.0 -9999.0 -9999.0 -9999.0 15.125 15.249 15.3716 15.4929 15.6129 15.7315 15.8488 15.9648 16.0794 16.1927 16.3047 16.4154 16.5247 16.6328 16.7395 16.8449 16.9491 17.052 17.1535 17.2539 17.3529 17.4508 17.5474 17.6427 17.7368
9.51921 9.63252 9.75016 9.87173 9.99685 10.1252 10.2564 10.3902 10.5262 10.6642 10.8039 10.9451 11.0874 11.2308 11.375 11.5197 11.6649 11.8103 11.9558 -9999.0 -9999.0 -9999.0 -9999.0 -9999.0 -9999.0 -9999.0 -9999.0 -9999.0 -9999.0 -9999.0 -9999.0 -9999.0 -9999.0 -9999.0 -9999.0 -9999.0 -9999.0 -9999.0 -9999.0 -9999.0 -9999.0 -9999.0 -9999.0 15.3632 15.4849 15.6052 15.7243 15.842 -9999.0 16.0736 16.1874 16.3 16.4112 16.5212 16.6298 16.7372 16.8433 16.9481 17.0517 17.1539 17.255 17.3548 17.4533 17.5507 17.6468 17.7416 17.8353
9.69266 9.80848 9.92813 10.0512 10.1774 10.3064 10.4378 10.5715 10.7071 10.8444 10.9831 11.123 11.264 11.4058 11.5483 11.6912 -9999.0 -9999.0 -9999.0 -9999.0 -9999.0 -9999.0 -9999.0 -9999.0 -9999.0 -9999.0 -9999.0 -9999.0 -9999.0 -9999.0 -9999.0 -9999.0 -9999.0 -9999.0 -9999.0 -9999.0 -9999.0 -9999.0 -9999.0 -9999.0 -9999.0 -9999.0 -9999.0 -9999.0 -9999.0 15.7227 15.8405 15.9571 16.0725 16.1866 16.2994 16.4109 16.5212 16.6302 16.738 16.8445 16.9498 17.0538 17.1566 17.2582 17.3585 17.4577 17.5556 17.6522 17.7477 17.842 17.9351
9.90085 10.0165 10.1357 10.2582 10.3836 10.5116 10.6418 10.7741 10.9081 11.0436 11.1804 11.3183 11.4571 11.5966 11.7367 11.8772 12.0179 12.1588 12.2997 -9999.0 -9999.0 -9999.0 -9999.0 -9999.0 -9999.0 -9999.0 -9999.0 -9999.0 -9999.0 -9999.0 -9999.0 -9999.0 -9999.0 -9999.0 -9999.0 -9999.0 -9999.0 -9999.0 -9999.0 -9999.0 -9999.0 -9999.0 -9999.0 -9999.0 -9999.0 15.8436 15.9601 16.0754 16.1894 16.3023 16.4139 16.5243 16.6334 16.7414 16.8481 16.9537 17.058 17.1611 17.263 17.3637 17.4632 17.5616 17.6587 17.7547 17.8494 17.9431 18.0355
10.1389 10.2521 10.3689 10.4889 10.6118 -9999.0 10.8649 10.9945 11.1257 11.2585 11.3924 11.5274 11.6633 11.7998 11.9369 12.0743 12.212 12.3499 12.4877 12.6255 12.763 12.9003 13.0372 13.1737 -9999.0 -9999.0 -9999.0 -9999.0 -9999.0 -9999.0 -9999.0 -9999.0 -9999.0 -9999.0 -9999.0 -9999.0 -9999.0 -9999.0 -9999.0 -9999.0 -9999.0 -9999.0 -9999.0 -9999.0 15.8505 15.9666 16.0815 16.1953 16.3079 16.4193 16.5296 16.6387 16.7466 16.8534 16.959 17.0634 17.1667 17.2688 17.3697 17.4695 17.5681 17.6656 17.7619 17.857 17.951 18.0439 18.1356
10.3982 10.5075 -9999.0 -9999.0 -9999.0 -9999.0 11.102 11.228 11.3557 11.4848 11.6152 11.7466 11.8789 12.0119 12.1454 12.2793 12.4135 12.5478 12.6822 12.8165 12.9507 13.0846 13.2182 13.3514 13.4842 13.6164 13.7481 -9999.0 -9999.0 -9999.0 -9999.0 -9999.0 -9999.0 -9999.0 -9999.0 -9999.0 -9999.0 -9999.0 -9999.0 -9999.0 -9999.0 -9999.0 -9999.0 -9999.0 15.9757 16.09 16.2032 16.3154 16.4265 16.5364 16.6453 16.753 16.8596 16.9651 17.0695 17.1728 17.2749 17.3759 17.4758 17.5746 17.6723 17.7688 17.8642 17.9586 18.0518 18.1438 18.2348
-9999.0 -9999.0 -9999.0 -9999.0 -9999.0 11.2278 11.3477 11.4695 11.593 11.7181 11.8443 11.9717 12.1 12.2289 12.3585 12.4885 12.6188 12.7493 12.8799 13.0105 13.141 13.2714 13.4014 13.5312 13.6605 13.7894 13.9178 14.0456 14.1729 14.2994 -9999.0 -9999.0 -9999.0 -9999.0 -9999.0 -9999.0 -9999.0 -9999.0 -9999.0 -9999.0 -9999.0 -9999.0 -9999.0 -9999.0 16.0999 16.2124 16.324 16.4344 16.5439 16.6523 16.7597 16.866 16.9713 17.0755 17.1786 17.2807 17.3817 17.4816 17.5804 17.6782 17.7749 17.8705 17.965 18.0585 18.1509 18.2421 18.3324
-9999.0 -9999.0 -9999.0 11.2565 11.3673 11.4806 11.5961 11.7136 11.8328 11.9535 12.0754 12.1985 12.3225 12.4472 12.5726 12.6985 12.8247 12.9512 13.0779 13.2046 13.3312 13.4578 13.5842 13.7103 13.8361 13.9615 14.0865 14.211 14.335 -9999.0 -9999.0 -9999.0 -9999.0 -9999.0 -9999.0 -9999.0 -9999.0 -9999.0 -9999.0 -9999.0 -9999.0 -9999.0 -9999.0 -9999.0 16.2219 16.3326 16.4423 16.5511 16.659 16.7659 16.8717 16.9766 17.0805 17.1834 17.2853 17.3862 17.486 17.5848 17.6826 17.7794 17.8751 17.9698 18.0635 18.1561 18.2477 18.3382 18.4277
-9999.0 -9999.0 -9999.0 11.5149 11.6217 11.7309 11.8422 11.9555 12.0703 12.1867 12.3043 12.4231 12.5428 12.6632 12.7844 12.906 13.0281 13.1505 -9999.0 -9999.0 13.5186 13.6413 13.7639 13.8864 14.0085 14.1304 14.252 14.3732 -9999.0 -9999.0 -9999.0 -9999.0 -9999.0 -9999.0 -9999.0 -9999.0 -9999.0 -9999.0 -9999.0 -9999.0 -9999.0 -9999.0 -9999.0 -9999.0 -9999.0 16.4492 16.5572 16.6643 16.7706 16.8759 16.9803 17.0838 17.1864 17.288 17.3887 17.4884 17.5871 17.6849 17.7817 17.8775 17.9723 18.0661 18.1589 18.2508 18.3416 18.4313 18.5201
11.4712 11.5665 11.6647 11.7655 11.8688 11.9743 12.0817 12.1909 12.3017 12.4139 12.5274 12.6419 12.7574 12.8737 12.9906 13.1081 13.2261 13.3444 13.463 -9999.0 -9999.0 13.8195 13.9384 14.0571 14.1757 -9999.0 -9999.0 -9999.0 -9999.0 -9999.0 -9999.0 -9999.0 -9999.0 -9999.0 -9999.0 -9999.0 -9999.0 -9999.0 -9999.0 -9999.0 -9999.0 -9999.0 -9999.0 -9999.0 -9999.0 -9999.0 -9999.0 16.7729 16.8776 16.9815 17.0845 17.1867 17.288 17.3884 17.4879 17.5865 17.6842 17.781 17.8769 17.9718 18.0657 18.1587 18.2508 18.3419 18.432 18.5211 18.6092
11.7176 11.8108 11.9065 12.0046 12.1048 12.207 12.3109 12.4165 12.5236 12.6319 12.7414 12.852 12.9635 13.0757 13.1886 13.3021 13.4161 13.5305 13.6451 13.76 13.875 -9999.0 -9999.0 -9999.0 14.3355 -9999.0 -9999.0 -9999.0 -9999.0 -9999.0 -9999.0 -9999.0 -9999.0 -9999.0 -9999.0 -9999.0 -9999.0 -9999.0 -9999.0 -9999.0 -9999.0 -9999.0 -9999.0 -9999.0 -9999.0 -9999.0 -9999.0 16.8759 16.9792 17.0817 17.1834 17.2844 17.3845 17.4838 17.5823 17.6799 17.7766 17.8725 17.9675 18.0616 18.1548 18.2471 18.3385 18.4289 18.5184 18.6069 18.6945
