setup_data/66098_caitjcampbell_JJA_NoAm_Map_1980_2009/66098_caitjcampbell_JJA_NoAm_Map_1980_2009/stdkrig.asc
ncols 291
nrows 150
xllcorner -176.5
yllcorner 3.9000015258789062
cellsize 0.5
NODATA_value -9999
[rows 29 to 57 of 150, columns 134 to 200 of 291]
9.50835 9.54753 9.5872 9.62687 9.66614 9.70467 9.74218 9.77846 9.81335 9.84671 9.87846 9.90854 9.93693 9.96362 9.98864 10.012 10.0339 10.0542 10.0732 10.091 10.1076 10.1233 10.1382 10.1525 10.1664 10.18 10.1936 10.2072 10.2212 10.2357 10.2507 10.2665 10.2832 10.3008 10.3195 10.3392 10.3601 10.3822 10.4056 10.4302 10.4561 10.4834 10.512 10.5422 -9999.0 -9999.0 10.6421 10.6789 10.7177 10.7585 10.8015 10.8468 10.8945 10.9449 10.9979 11.0536 -9999.0 -9999.0 -9999.0 -9999.0 -9999.0 -9999.0 -9999.0 11.6052 11.687 11.7715 11.8586
9.48444 9.53334 9.58179 9.62925 9.6753 9.71959 9.76185 9.80189 9.83956 9.87478 9.90749 9.93768 9.96539 9.99068 10.0137 10.0344 10.0531 10.07 10.0851 10.0988 10.1114 10.1229 10.1339 10.1444 10.1549 10.1657 10.1769 10.1889 10.202 10.2164 10.2323 10.2499 10.2692 10.2905 10.3137 10.339 10.3663 10.3956 10.4268 10.46 -9999.0 10.532 -9999.0 -9999.0 10.6532 10.697 10.7425 10.7898 10.8387 10.8895 10.9421 10.9966 11.053 11.1115 11.172 11.2347 11.2996 11.3668 11.4362 -9999.0 -9999.0 -9999.0 -9999.0 11.8172 11.9 11.9849 -9999.0
9.46633 9.52301 9.57824 9.63149 9.68235 9.7305 9.77569 9.81775 9.85656 9.89207 9.92428 9.95322 9.97896 10.0016 10.0214 10.0384 10.0529 10.0652 10.0755 10.0842 10.0916 10.0981 10.1041 10.1101 10.1164 10.1234 10.1317 10.1415 10.1532 10.1672 10.1838 10.203 10.2252 10.2504 10.2786 10.3099 10.3441 10.3812 -9999.0 -9999.0 -9999.0 -9999.0 -9999.0 -9999.0 -9999.0 -9999.0 -9999.0 10.8781 10.9375 10.9983 -9999.0 -9999.0 -9999.0 -9999.0 -9999.0 -9999.0 11.4652 -9999.0 -9999.0 -9999.0 -9999.0 -9999.0 11.9263 12.0089 12.0929 12.1786 -9999.0
9.46288 9.52415 9.58314 9.63933 9.69234 9.74186 9.78767 9.82961 9.86759 9.90159 9.93161 9.95772 9.98003 9.9987 10.0139 10.0259 10.0351 10.0416 10.0459 10.0484 10.0496 10.0499 10.05 10.0502 10.0513 10.0538 10.0581 10.065 10.0748 10.088 10.1049 10.1259 10.151 10.1805 10.2142 10.252 10.294 10.3397 -9999.0 -9999.0 -9999.0 -9999.0 -9999.0 -9999.0 -9999.0 -9999.0 -9999.0 -9999.0 -9999.0 -9999.0 -9999.0 11.2313 11.3052 11.38 11.4557 11.5323 -9999.0 -9999.0 -9999.0 -9999.0 -9999.0 -9999.0 12.0957 12.1802 -9999.0 -9999.0 -9999.0
9.4802 9.54189 9.60084 9.65654 9.70857 9.75663 9.80049 9.83999 9.87503 9.90558 9.93166 9.95335 9.97076 9.98406 9.99348 9.9993 10.0018 10.0015 9.99862 9.99381 9.98759 9.98056 9.97338 9.96677 9.96144 9.95815 9.95766 9.96066 9.96781 9.9797 9.99679 10.0194 10.0477 10.0819 10.1217 -9999.0 -9999.0 -9999.0 -9999.0 -9999.0 -9999.0 -9999.0 -9999.0 -9999.0 -9999.0 -9999.0 -9999.0 -9999.0 -9999.0 -9999.0 -9999.0 11.3192 11.4017 11.4846 11.5677 -9999.0 -9999.0 -9999.0 11.9032 11.988 12.0731 -9999.0 12.2449 12.3315 12.4186 12.5063 12.5945
9.51942 9.57721 9.63225 9.68396 9.7319 9.7757 9.8151 9.8499 9.87999 9.9053 9.92583 9.94165 9.95284 9.95959 9.9621 9.96067 9.95562 9.94736 9.93638 9.92322 9.90852 9.893 9.87744 9.86271 9.84973 9.83947 9.83292 9.83102 9.83468 9.84466 9.86158 9.88588 9.91776 -9999.0 -9999.0 -9999.0 -9999.0 -9999.0 -9999.0 -9999.0 -9999.0 -9999.0 -9999.0 -9999.0 -9999.0 -9999.0 -9999.0 -9999.0 -9999.0 -9999.0 -9999.0 -9999.0 -9999.0 -9999.0 -9999.0 -9999.0 -9999.0 -9999.0 12.0198 12.1087 12.1974 -9999.0 12.3746 12.4632 12.5518 12.6406 12.7294
9.57644 9.62677 9.67465 9.71945 9.76063 9.79778 9.83059 9.85881 9.88227 9.90087 9.91457 9.92339 9.9274 9.92674 9.9216 9.91223 9.89897 9.88221 9.86245 9.84026 9.81632 9.79143 9.7665 9.74255 9.72071 9.70221 9.68831 9.68033 9.67947 9.68683 9.70326 9.72933 -9999.0 -9999.0 -9999.0 -9999.0 -9999.0 -9999.0 -9999.0 -9999.0 -9999.0 -9999.0 -9999.0 -9999.0 -9999.0 -9999.0 -9999.0 -9999.0 -9999.0 -9999.0 -9999.0 -9999.0 -9999.0 -9999.0 -9999.0 -9999.0 -9999.0 -9999.0 -9999.0 -9999.0 -9999.0 -9999.0 -9999.0 12.576 12.666 12.7556 12.845
9.64361 9.68418 9.72271 9.75853 9.79106 9.81986 9.84453 9.86481 9.88047 9.89136 9.8974 9.89857 9.89489 9.88645 9.87339 9.85594 9.83438 9.80906 9.78046 9.74914 9.71578 9.68121 9.64641 9.61252 9.58088 9.55298 9.53047 9.51507 9.50852 9.51238 9.52794 -9999.0 -9999.0 -9999.0 -9999.0 -9999.0 -9999.0 -9999.0 -9999.0 -9999.0 -9999.0 -9999.0 -9999.0 -9999.0 -9999.0 -9999.0 -9999.0 -9999.0 -9999.0 -9999.0 -9999.0 -9999.0 -9999.0 -9999.0 -9999.0 -9999.0 -9999.0 -9999.0 -9999.0 -9999.0 -9999.0 12.486 12.5787 12.6705 12.7616 12.8519 12.9416
9.71209 9.74179 9.76983 9.79554 9.81835 9.83778 9.85345 9.86503 9.87227 9.875 9.87308 9.86645 9.85509 9.83904 9.81841 9.79334 9.76406 9.73087 9.69416 9.65445 9.61236 9.56869 9.52442 9.48073 9.43908 9.40118 9.36903 9.34493 9.3313 9.33056 -9999.0 -9999.0 -9999.0 -9999.0 -9999.0 -9999.0 -9999.0 -9999.0 -9999.0 -9999.0 -9999.0 -9999.0 -9999.0 -9999.0 -9999.0 -9999.0 -9999.0 -9999.0 -9999.0 -9999.0 -9999.0 -9999.0 -9999.0 -9999.0 -9999.0 -9999.0 -9999.0 -9999.0 -9999.0 -9999.0 -9999.0 -9999.0 -9999.0 12.7474 12.8391 12.9298 13.0196
9.77354 9.79212 9.80934 9.82457 9.83728 9.84701 9.85338 9.85605 9.85478 9.84937 9.83967 9.82559 9.80709 9.78417 9.75686 9.72528 9.68959 9.65001 9.60685 9.56052 9.51156 9.46067 9.40873 9.35685 9.30645 9.2593 9.2176 9.18409 9.16204 9.15518 -9999.0 -9999.0 -9999.0 -9999.0 -9999.0 -9999.0 -9999.0 -9999.0 -9999.0 -9999.0 -9999.0 -9999.0 -9999.0 -9999.0 -9999.0 -9999.0 -9999.0 -9999.0 -9999.0 -9999.0 -9999.0 -9999.0 -9999.0 -9999.0 -9999.0 -9999.0 -9999.0 -9999.0 -9999.0 -9999.0 -9999.0 -9999.0 -9999.0 12.8071 12.899 12.9897 13.0792
9.82092 9.82869 9.8353 9.84021 9.84295 9.8431 9.84032 9.83431 9.82484 9.81172 9.79482 9.77404 9.74933 9.72068 9.68811 9.65169 9.61153 9.56778 9.52069 9.47056 9.41782 9.36305 9.30697 9.25057 9.1951 9.14215 9.0938 9.05274 9.02252 9.00801 -9999.0 -9999.0 -9999.0 -9999.0 -9999.0 -9999.0 -9999.0 -9999.0 -9999.0 -9999.0 -9999.0 -9999.0 -9999.0 -9999.0 -9999.0 -9999.0 -9999.0 -9999.0 -9999.0 -9999.0 -9999.0 -9999.0 -9999.0 -9999.0 -9999.0 -9999.0 -9999.0 -9999.0 -9999.0 -9999.0 -9999.0 -9999.0 12.7565 12.8499 12.9416 13.0318 13.1207
9.84873 9.84628 9.84281 9.83788 9.83109 9.8221 9.81063 9.79644 9.77933 9.75918 9.73589 9.70939 9.67967 9.64673 9.61061 9.57136 9.52908 9.48391 9.43601 9.38565 9.33315 9.279 9.22383 9.16849 9.11412 9.06218 9.01459 8.97384 8.94323 8.92729 8.93325 8.9752 9.05035 -9999.0 -9999.0 -9999.0 -9999.0 -9999.0 -9999.0 -9999.0 -9999.0 -9999.0 -9999.0 -9999.0 -9999.0 -9999.0 -9999.0 -9999.0 -9999.0 -9999.0 -9999.0 -9999.0 -9999.0 -9999.0 -9999.0 -9999.0 -9999.0 -9999.0 -9999.0 -9999.0 -9999.0 12.6885 12.7832 12.876 12.9669 13.0562 13.144
9.85301 9.84105 9.82818 9.81404 9.79833 9.78081 9.76125 9.73951 9.71547 9.68907 9.66028 9.62912 9.59564 9.5599 9.522 9.48203 9.44012 9.39639 9.351 9.30419 9.25624 9.20757 9.15876 9.11065 9.06433 9.02132 8.98361 8.95385 8.93555 8.93329 8.95253 8.99759 9.06829 9.16045 -9999.0 -9999.0 -9999.0 -9999.0 -9999.0 -9999.0 -9999.0 -9999.0 -9999.0 -9999.0 -9999.0 -9999.0 -9999.0 -9999.0 -9999.0 -9999.0 -9999.0 -9999.0 -9999.0 -9999.0 -9999.0 -9999.0 -9999.0 -9999.0 -9999.0 -9999.0 -9999.0 -9999.0 12.7938 12.8854 12.9751 13.063 13.1492
9.83119 9.81048 9.78893 9.76628 9.74234 9.71694 9.68996 9.66135 9.63107 9.59918 9.56574 9.53089 9.49478 9.45759 9.41952 9.38076 9.34147 9.30184 9.26202 9.22222 9.18269 9.14379 9.10604 9.07019 9.03732 9.00886 8.98669 8.9732 8.97126 8.98401 9.01436 9.06417 9.13355 9.22089 -9999.0 -9999.0 -9999.0 -9999.0 -9999.0 -9999.0 -9999.0 -9999.0 -9999.0 -9999.0 -9999.0 -9999.0 -9999.0 -9999.0 -9999.0 -9999.0 -9999.0 -9999.0 -9999.0 -9999.0 -9999.0 -9999.0 -9999.0 -9999.0 -9999.0 -9999.0 -9999.0 -9999.0 -9999.0 -9999.0 12.9659 13.0519 13.1362
9.782 9.7533 9.7238 9.69337 9.66189 9.6293 9.59557 9.56073 9.52488 9.48815 9.45077 9.41299 9.37514 9.33755 9.30056 9.26452 9.2297 9.19633 9.16459 9.1346 9.10654 9.08062 9.0572 9.03687 9.02046 9.00914 9.00439 9.00801 9.02199 9.04831 9.08864 9.144 9.21453 9.29952 9.39751 9.5067 9.62513 9.7509 9.88227 -9999.0 -9999.0 -9999.0 -9999.0 -9999.0 -9999.0 -9999.0 -9999.0 -9999.0 -9999.0 -9999.0 -9999.0 -9999.0 -9999.0 -9999.0 -9999.0 -9999.0 -9999.0 -9999.0 -9999.0 -9999.0 -9999.0 -9999.0 -9999.0 -9999.0 -9999.0 13.0227 13.1047
9.70541 9.66946 9.63276 9.59527 9.55697 9.51788 9.47807 9.43767 9.39685 9.35588 9.3151 9.27493 9.23588 9.19851 9.1634 9.13109 9.10203 9.0765 9.05468 9.03657 9.02213 9.01133 9.00423 9.00107 9.00235 9.00881 9.02145 9.0415 9.07024 9.10893 9.15862 9.21993 9.29303 9.37756 9.47271 9.57733 9.69011 9.80964 9.93454 10.0635 10.1954 10.3292 10.4638 -9999.0 -9999.0 -9999.0 -9999.0 -9999.0 -9999.0 -9999.0 -9999.0 -9999.0 -9999.0 -9999.0 -9999.0 -9999.0 -9999.0 -9999.0 -9999.0 12.4581 12.55 -9999.0 -9999.0 -9999.0 -9999.0 12.9752 13.0545
9.60256 9.5601 9.51695 9.47314 9.42878 9.38396 9.33885 9.29362 9.24852 9.2039 9.16019 9.11797 9.07798 9.04104 9.00806 8.97991 8.95728 8.94061 8.92999 8.92521 8.92586 8.93147 8.94166 8.95623 8.97526 8.99906 9.02822 9.06348 9.10569 9.15565 9.21407 9.2814 9.3578 9.44312 9.5369 9.63844 9.74684 9.86113 9.98027 10.1032 10.229 10.3568 10.4856 10.6148 -9999.0 -9999.0 -9999.0 -9999.0 -9999.0 -9999.0 -9999.0 -9999.0 -9999.0 -9999.0 -9999.0 -9999.0 -9999.0 -9999.0 -9999.0 12.411 12.4997 12.5859 -9999.0 -9999.0 -9999.0 12.909 12.9852
9.47581 9.4276 9.37873 9.32939 9.27979 9.23014 9.18066 9.13158 9.08315 9.03571 8.98973 8.94587 8.90503 8.86837 8.83724 8.81305 8.79696 8.78965 8.79111 8.8007 8.81738 8.84002 8.86765 8.8996 8.93554 8.97546 9.01963 9.06849 9.12262 9.18259 9.24891 9.32194 9.40187 9.48868 9.58211 9.68175 9.78701 9.89721 10.0116 10.1294 10.2497 10.3719 10.4953 10.619 10.7427 10.8656 10.9873 11.1075 -9999.0 -9999.0 -9999.0 -9999.0 -9999.0 -9999.0 -9999.0 -9999.0 -9999.0 -9999.0 -9999.0 12.3471 12.4321 -9999.0 -9999.0 -9999.0 12.7494 12.8238 12.8966
9.32882 9.27559 9.22173 9.16763 9.11368 9.06026 9.00765 8.95609 8.90579 8.85696 8.80996 8.76534 8.72406 8.68749 8.65752 8.63642 8.62632 8.62849 8.64272 8.66747 8.7006 8.74005 8.78425 8.83211 8.88307 8.93695 8.99389 9.05421 9.11833 9.18672 9.25979 9.33786 9.42114 9.50967 9.60335 9.70194 9.80504 9.9122 10.0229 10.1364 10.2522 10.3697 10.4882 10.6071 10.7259 10.8441 10.9612 11.0767 11.1904 11.302 11.4111 11.5176 11.6213 11.7221 11.82 -9999.0 -9999.0 -9999.0 -9999.0 -9999.0 -9999.0 -9999.0 12.5019 12.5761 12.6485 12.7192 12.7884
9.16674 9.10916 9.05094 8.99276 8.93534 8.87929 8.82507 8.77292 8.72292 8.67506 8.6294 8.58617 8.54603 8.51025 8.48096 8.46146 8.45592 8.46743 8.49523 8.53551 8.58431 8.6387 8.69676 8.75739 8.82004 8.8846 8.95122 9.02019 9.09192 9.16678 9.24514 9.32728 9.41339 9.50355 9.59773 9.69578 9.79747 9.90245 10.0103 10.1206 10.2329 10.3465 10.461 10.5758 10.6904 10.8044 10.9173 11.0287 11.1382 11.2455 11.3505 11.4528 11.5523 11.6489 11.7425 -9999.0 -9999.0 -9999.0 -9999.0 12.1669 12.2436 12.3179 12.39 12.46 12.5283 12.595 12.6603
8.99645 8.93515 8.873 8.81119 8.75096 8.69338 8.63919 8.58869 8.5418 8.4982 8.45756 8.41967 8.38465 8.35319 8.32689 8.30881 8.30506 8.32596 8.36779 8.42113 8.48119 8.54523 8.61171 8.67981 8.74924 8.82004 8.89245 8.96677 9.04335 9.12251 9.2045 9.28953 9.37774 9.46919 9.56386 9.66166 9.76242 9.8659 9.97179 10.0797 10.1893 10.3 10.4113 10.5229 10.6341 10.7447 10.854 10.9617 11.0675 11.171 11.2721 11.3704 11.4658 11.5583 11.6477 -9999.0 -9999.0 -9999.0 -9999.0 -9999.0 12.1218 12.1915 12.2591 12.3247 12.3886 12.451 12.5121
8.82696 8.76261 8.69679 8.63139 8.56853 8.51014 8.45747 8.41088 8.37 8.33416 8.30267 8.27503 8.25098 8.23076 8.21555 8.20812 8.21401 8.24024 8.28459 8.33974 8.40103 8.46589 8.53298 8.60172 8.67202 8.74402 8.81801 8.89423 8.9729 9.05418 9.13815 9.22487 9.31435 9.40658 9.50155 9.59915 9.69928 9.80175 9.90629 10.0126 10.1203 10.2289 10.3381 10.4472 10.556 10.6638 10.7703 10.875 10.9776 11.0778 11.1753 11.2699 11.3615 11.4499 11.5351 -9999.0 -9999.0 -9999.0 -9999.0 -9999.0 11.9815 12.0464 12.1092 12.17 12.2292 12.2871 12.3439
8.66945 8.60324 8.53415 8.46488 8.39891 8.33979 8.28978 8.24901 8.21624 8.19032 8.17056 8.15651 8.14768 8.14374 8.1451 8.15332 8.17091 8.19978 8.23948 8.28752 8.34121 8.39867 8.45896 8.5218 8.58733 8.65584 8.72758 8.80267 8.88106 8.96262 9.04714 9.13443 9.22434 9.31678 9.41166 9.50894 9.60852 9.71025 9.81391 9.91922 10.0258 10.1332 10.241 10.3487 10.4557 10.5616 10.666 10.7683 10.8683 10.9657 11.0601 11.1513 11.2393 11.3238 11.4049 11.4825 11.5568 -9999.0 -9999.0 11.7606 11.8228 11.8826 11.9403 11.9961 12.0504 12.1034 12.1556
8.53639 8.47103 8.40053 8.32793 8.25796 8.19732 8.15123 8.11778 8.09306 8.07578 8.06654 8.06586 8.07268 8.08505 8.10156 8.12191 8.14656 8.17603 8.21032 8.24884 8.29088 8.33601 8.38431 8.43629 8.49268 8.55407 8.62076 8.6926 8.76912 8.84969 8.93367 9.02056 9.11002 9.2019 9.29612 9.39268 9.49154 9.59261 9.6957 9.8005 9.90662 10.0136 10.1208 10.2278 10.3339 10.4387 10.5417 10.6423 10.7403 10.8352 10.9269 11.015 11.0996 11.1804 11.2575 11.3308 11.4005 11.4667 -9999.0 -9999.0 -9999.0 11.7006 11.7528 11.8032 11.8522 11.9002 11.9474
8.43834 8.37887 8.31237 8.24173 8.17144 8.10929 8.0686 8.04035 8.01861 8.00338 7.99846 8.00785 8.02789 8.05285 8.07949 8.10638 8.13312 8.15975 8.18652 8.2137 8.24179 8.27163 8.30455 8.34223 8.38642 8.43841 8.49855 8.56624 8.64023 8.71912 8.8017 8.88717 8.97507 9.06529 9.15787 9.25295 9.35063 9.45089 9.55354 9.65823 9.76447 9.87164 9.97909 10.0861 10.1921 10.2965 10.3986 10.4981 10.5945 10.6874 10.7767 10.862 10.9434 11.0206 11.0938 11.1628 11.2278 -9999.0 -9999.0 -9999.0 -9999.0 11.5009 11.5473 11.592 11.6353 11.6778 11.7198
8.37886 8.33086 8.27553 8.21603 8.1571 8.1048 8.06351 8.03214 8.00786 7.99036 7.98392 7.99735 8.02227 8.05079 8.07919 8.10547 8.12868 8.14852 8.16516 8.1792 8.19172 8.2044 8.21961 8.24044 8.27029 8.31176 8.36532 8.42923 8.50078 8.57748 8.65758 8.74008 8.82467 8.91147 9.00085 9.09323 9.18892 9.28798 9.3902 9.49509 9.60196 9.71 9.81834 9.92613 10.0326 10.137 10.2388 10.3375 10.4326 10.5238 10.6109 10.6936 10.7719 10.8457 10.9149 10.9796 11.0399 11.096 -9999.0 11.1967 11.242 11.2845 11.3247 11.3631 11.4003 11.4369 11.4733
8.35239 8.31868 8.27777 8.23253 8.18656 8.14349 8.10595 8.07498 8.05097 8.03519 8.03023 8.03755 8.05436 8.07566 8.09731 8.1165 8.13152 8.14153 8.14639 8.14661 8.14343 8.13882 8.1357 8.13816 8.15187 8.1827 8.23131 8.29264 8.36152 8.43458 8.50991 8.58676 8.66522 8.74593 8.8298 8.91772 9.01027 9.1076 9.20936 9.31478 9.42282 9.53231 9.64208 9.75109 9.85838 9.96318 10.0648 10.1628 10.2568 10.3464 10.4313 10.5115 10.5868 10.6571 10.7224 10.7827 10.8382 10.8891 10.9355 10.978 11.0169 11.0528 11.0862 11.1178 11.1483 11.1785 11.2089
8.3477 8.32773 8.30045 8.26809 8.2333 8.19867 8.16644 8.13834 8.11578 8.10018 8.09268 8.09336 8.10065 8.11167 8.12325 8.13263 8.13772 8.13723 8.13069 8.11847 8.10185 8.08302 8.06506 8.05211 8.04999 8.071 8.11644 8.17345 8.23629 8.30171 8.36813 8.43522 8.50363 8.57471 8.65011 8.73137 8.81948 8.91459 9.016 9.12238 9.23209 9.34345 9.45496 9.5653 9.67342 9.77848 9.87983 9.97699 10.0696 10.1574 10.2401 10.3177 10.3899 10.4567 10.5181 10.574 10.6246 10.6701 10.7106 10.7467 10.7787 10.8074 10.8335 10.8576 10.8808 10.9039 10.9276
8.35247 8.34385 8.32762 8.30547 8.27941 8.25152 8.22378 8.19799 8.17575 8.15841 8.14682 8.14105 8.14015 8.14225 8.14493 8.14568 8.14229 8.13321 8.11771 8.09613 8.07 8.0421 8.01643 7.99805 7.99304 8.0072 8.04003 8.08465 8.13494 8.18721 8.23979 8.29258 8.34673 8.4043 8.46794 8.5402 8.62271 8.71547 8.81696 8.92482 9.03651 9.14978 9.26275 9.37395 9.48228 9.58692 9.68729 9.78299 9.87373 9.95929 10.0395 10.1142 10.1833 10.2467 10.3042 10.3557 10.4014 10.4413 10.4757 10.505 10.5298 10.5508 10.5687 10.5847 10.5997 10.6149 10.6313
