setup_data/66098_caitjcampbell_JJA_NoAm_Map_1980_2009/66098_caitjcampbell_JJA_NoAm_Map_1980_2009/stdkrig.asc
ncols 291
nrows 150
xllcorner -176.5
yllcorner 3.9000015258789062
cellsize 0.5
NODATA_value -9999
[rows 0 to 28 of 150, columns 134 to 200 of 291]
-9999.0 -9999.0 -9999.0 -9999.0 -9999.0 -9999.0 -9999.0 -9999.0 -9999.0 10.5314 10.5446 10.5583 10.5725 10.5872 10.6023 10.618 10.6341 10.6508 10.6681 10.686 -9999.0 -9999.0 10.7433 10.7638 10.7849 10.8068 10.8295 -9999.0 -9999.0 -9999.0 10.9281 10.9548 10.9824 11.0109 11.0402 11.0705 11.1016 11.1336 11.1665 11.2004 11.2351 11.2707 11.3072 11.3445 11.3828 11.4219 11.4619 11.5027 11.5445 11.587 11.6304 11.6747 11.7197 11.7656 11.8124 11.8599 11.9083 11.9574 12.0074 12.0582 12.1098 12.1622 12.2153 12.2693 12.324 12.3795 12.4357
-9999.0 -9999.0 -9999.0 -9999.0 -9999.0 -9999.0 -9999.0 -9999.0 -9999.0 10.1877 10.2005 10.2136 10.2271 10.2408 10.255 10.2695 10.2844 10.2998 10.3157 10.3322 10.3492 -9999.0 10.3852 10.4043 10.4242 10.4448 10.4663 10.4887 10.512 -9999.0 -9999.0 -9999.0 -9999.0 10.643 10.6723 10.7025 10.7338 10.7661 10.7995 10.8338 10.8692 10.9055 10.9429 -9999.0 11.0206 11.0608 11.1021 11.1443 11.1874 11.2314 11.2764 11.3223 11.369 11.4167 11.4653 11.5149 11.5653 11.6166 11.6688 11.7218 11.7758 11.8307 11.8865 11.9431 12.0007 12.0591 12.1183
-9999.0 -9999.0 -9999.0 -9999.0 -9999.0 -9999.0 -9999.0 9.85673 9.86805 -9999.0 -9999.0 -9999.0 -9999.0 -9999.0 9.93728 9.9494 9.96184 9.97465 9.98791 10.0017 10.0161 -9999.0 -9999.0 -9999.0 10.0809 10.0993 10.1187 10.1391 10.1607 10.1833 10.2072 10.2322 10.2584 -9999.0 -9999.0 -9999.0 10.3754 10.4077 10.4412 -9999.0 -9999.0 -9999.0 10.5864 10.6255 10.6656 10.7068 10.749 10.7922 10.8364 10.8816 10.9278 10.975 11.0231 11.0722 11.1224 11.1734 11.2255 11.2786 11.3327 11.3877 11.4438 11.5008 11.5589 11.618 11.6781 11.7393 11.8014
-9999.0 -9999.0 -9999.0 -9999.0 -9999.0 -9999.0 9.58605 9.59549 9.6046 9.61343 -9999.0 -9999.0 -9999.0 -9999.0 -9999.0 -9999.0 -9999.0 -9999.0 -9999.0 -9999.0 -9999.0 -9999.0 -9999.0 -9999.0 -9999.0 -9999.0 9.79004 9.80756 9.82645 9.84676 9.86853 9.89178 -9999.0 -9999.0 -9999.0 -9999.0 10.0303 10.0623 10.0957 10.1304 -9999.0 -9999.0 10.2419 10.2815 10.3221 10.3639 10.4067 10.4505 10.4954 10.5413 10.5883 10.6362 10.6852 10.7352 10.7863 10.8384 10.8916 10.9459 11.0013 11.0578 11.1155 11.1743 11.2342 -9999.0 -9999.0 -9999.0 -9999.0
9.32783 9.33792 -9999.0 -9999.0 -9999.0 -9999.0 -9999.0 -9999.0 -9999.0 9.39547 9.39984 -9999.0 -9999.0 -9999.0 -9999.0 9.41624 9.41917 9.42228 9.42573 9.42966 -9999.0 9.43966 9.44605 -9999.0 -9999.0 9.47275 9.48463 9.49822 9.51359 9.53082 9.54995 9.57099 9.59393 9.61875 9.6454 9.67381 9.7039 9.73561 9.76885 9.80352 9.83955 9.87687 9.91541 9.9551 9.9959 10.0378 10.0807 10.1246 10.1695 10.2155 10.2624 10.3104 10.3594 10.4095 10.4607 10.513 10.5665 10.6212 10.6772 10.7344 10.7929 10.8528 10.9141 10.9768 -9999.0 -9999.0 -9999.0
9.1968 9.20408 9.21049 -9999.0 -9999.0 -9999.0 -9999.0 -9999.0 -9999.0 -9999.0 9.22793 9.22618 9.22376 9.22077 9.21735 9.21362 9.20974 9.2059 9.20227 9.19907 9.19652 9.19485 9.19432 9.19517 -9999.0 -9999.0 9.20837 9.21704 9.2281 9.24166 9.25777 9.2764 9.2975 9.32098 9.3467 9.37452 9.40428 9.43581 9.46895 9.50357 9.53952 9.5767 9.61499 9.65433 9.69464 9.73589 9.77805 9.82111 9.86506 9.90994 9.95577 10.0026 10.0504 10.0994 10.1495 10.2009 10.2535 10.3075 10.3629 10.4199 10.4784 10.5385 -9999.0 -9999.0 -9999.0 -9999.0 -9999.0
9.12654 9.12949 9.13144 9.13235 9.13215 9.13083 9.12837 9.12477 -9999.0 -9999.0 -9999.0 9.09951 9.09076 9.08119 9.07094 9.06014 9.04895 9.03755 9.02616 9.01502 9.00439 8.99457 8.98591 8.97875 -9999.0 -9999.0 8.97021 -9999.0 8.97899 8.98852 -9999.0 -9999.0 -9999.0 -9999.0 9.08584 9.11353 9.14326 9.17474 9.20772 9.24199 9.27737 9.31371 9.3509 -9999.0 9.42751 -9999.0 -9999.0 -9999.0 9.58901 9.63123 9.67429 9.71829 9.76331 9.80947 9.85687 9.90563 9.95586 10.0077 10.0612 -9999.0 10.1738 -9999.0 -9999.0 -9999.0 -9999.0 -9999.0 -9999.0
9.10744 9.10516 9.10193 9.09767 9.09231 9.08582 9.07817 9.06934 -9999.0 9.04815 9.03582 9.0224 -9999.0 -9999.0 -9999.0 -9999.0 -9999.0 8.92339 8.90502 8.88661 8.86842 8.85076 8.83397 8.81847 -9999.0 8.79341 8.7851 8.78065 8.78083 8.78623 8.7969 8.81236 -9999.0 -9999.0 8.88022 8.90788 8.93725 8.96799 8.9998 9.03247 9.06581 9.09969 9.134 9.1687 9.20376 9.23917 9.27497 9.31121 9.34797 9.38536 9.4235 9.46252 9.50258 9.54384 9.58648 9.63067 9.6766 9.72445 9.77439 9.82659 -9999.0 -9999.0 -9999.0 -9999.0 -9999.0 -9999.0 -9999.0
9.12584 -9999.0 9.10972 9.10039 9.09012 9.07887 -9999.0 -9999.0 -9999.0 -9999.0 -9999.0 -9999.0 -9999.0 -9999.0 -9999.0 -9999.0 -9999.0 -9999.0 8.84323 8.82046 8.79776 8.7754 -9999.0 -9999.0 -9999.0 -9999.0 8.68187 8.67082 8.66471 8.66621 8.67555 8.69004 -9999.0 -9999.0 8.75249 8.77737 8.80351 8.83057 8.8583 8.88648 8.91494 8.94358 8.9723 9.00108 9.0299 9.0588 9.08783 9.11708 9.14669 9.17678 9.20755 9.23918 9.27189 9.30591 9.34151 9.37893 9.41845 9.46032 9.50482 9.55217 -9999.0 -9999.0 -9999.0 -9999.0 -9999.0 -9999.0 -9999.0
-9999.0 -9999.0 -9999.0 -9999.0 -9999.0 -9999.0 -9999.0 -9999.0 -9999.0 -9999.0 -9999.0 -9999.0 -9999.0 -9999.0 -9999.0 -9999.0 -9999.0 -9999.0 -9999.0 -9999.0 -9999.0 -9999.0 8.74541 8.72522 -9999.0 -9999.0 -9999.0 -9999.0 -9999.0 8.65983 8.6628 8.66985 8.68039 8.69379 -9999.0 -9999.0 -9999.0 -9999.0 -9999.0 -9999.0 -9999.0 -9999.0 8.86669 8.88694 8.90703 8.927 8.94692 8.9669 8.98708 -9999.0 -9999.0 -9999.0 -9999.0 -9999.0 9.12486 9.15334 -9999.0 -9999.0 -9999.0 -9999.0 -9999.0 -9999.0 -9999.0 -9999.0 -9999.0 -9999.0 -9999.0
-9999.0 -9999.0 9.18167 9.16395 -9999.0 9.1277 9.10912 9.0902 9.07094 9.05134 -9999.0 -9999.0 -9999.0 -9999.0 -9999.0 -9999.0 8.90635 8.8852 8.86423 8.84361 8.82353 8.80421 8.78589 8.76884 8.75337 -9999.0 -9999.0 8.71937 8.713 8.70934 8.70836 8.70992 8.71378 8.71964 8.72715 8.73597 8.74576 8.75621 8.76704 -9999.0 -9999.0 -9999.0 8.81041 8.82067 8.83061 8.84026 8.84969 8.85903 8.86842 -9999.0 -9999.0 8.89914 8.91118 8.9247 8.94013 8.95791 8.97857 9.00262 9.03064 9.06319 9.10082 9.14402 9.19319 9.24863 -9999.0 -9999.0 -9999.0
-9999.0 -9999.0 9.22005 9.19901 9.17819 9.15758 9.13718 9.11699 9.097 9.07723 -9999.0 -9999.0 -9999.0 -9999.0 8.98173 -9999.0 8.94544 8.92787 8.91076 8.8942 8.8783 8.86316 8.84892 8.8357 8.82364 8.81287 -9999.0 8.79558 8.78918 8.7843 8.78088 8.77882 8.77797 8.77814 8.77914 8.78075 8.78274 -9999.0 -9999.0 -9999.0 8.79074 8.79201 8.79278 8.79305 8.7928 8.7921 8.79101 8.78967 8.78824 8.78692 8.78598 8.78571 8.78646 8.78863 8.79268 8.79915 8.80862 8.82178 8.83939 8.86229 8.89139 8.9276 8.97172 9.0243 9.08554 9.15523 9.2329
9.29693 -9999.0 9.24655 9.22245 9.19913 9.17661 9.15493 9.13409 9.11411 -9999.0 -9999.0 -9999.0 -9999.0 9.02689 9.01184 8.99754 8.98395 8.97104 8.95882 8.94726 8.93635 8.92611 8.91653 8.90763 8.8994 8.89186 -9999.0 8.87879 8.8732 8.86816 8.86361 8.85944 8.85554 8.85178 8.84802 8.84412 -9999.0 -9999.0 -9999.0 8.82453 8.81811 8.81095 8.80303 8.79436 8.78499 8.77501 -9999.0 8.75368 8.74268 8.73175 8.72117 8.71124 8.70232 8.69482 8.68921 8.686 8.68579 8.68926 8.6972 8.71056 8.7305 8.75852 8.79665 8.84697 8.90975 8.98337 9.06614
9.31308 9.28335 9.25483 9.22763 9.20184 9.17753 9.15478 9.13363 9.11411 -9999.0 -9999.0 -9999.0 -9999.0 -9999.0 -9999.0 9.02021 9.01196 9.00467 8.99822 8.99249 8.98737 8.98273 8.97849 8.97454 8.97079 8.96713 8.9635 -9999.0 8.9559 8.95175 8.94723 8.94225 -9999.0 -9999.0 -9999.0 -9999.0 -9999.0 -9999.0 -9999.0 8.87432 8.86129 8.84717 8.83202 8.81591 8.79896 8.78129 8.7631 -9999.0 8.72604 8.70771 8.68993 8.67308 8.65757 8.64386 8.63245 8.62391 8.61885 8.618 8.62217 8.63232 8.64962 8.67561 8.71231 8.76187 8.82454 8.89863 8.98241
9.30904 9.27468 9.24207 9.2114 9.18285 9.15658 9.13271 9.11133 9.0925 9.07622 -9999.0 -9999.0 -9999.0 -9999.0 -9999.0 -9999.0 -9999.0 -9999.0 9.02439 9.02542 9.02695 9.02875 9.03063 9.03238 9.03382 9.03479 -9999.0 9.03472 9.03339 9.03104 9.02754 9.02281 -9999.0 -9999.0 -9999.0 -9999.0 -9999.0 -9999.0 8.94875 8.93193 8.9136 8.89386 8.87283 8.85066 8.82753 8.80369 8.77938 8.75493 8.73068 8.70703 8.6844 8.66328 8.64417 8.62763 8.61428 8.60477 8.5998 8.60015 8.60665 8.62023 8.64183 8.67243 8.71285 8.76366 8.82499 8.89653 8.97763
9.28636 9.2467 9.20931 9.17451 9.14261 9.11388 9.08857 9.06684 9.0488 9.03447 9.02378 -9999.0 -9999.0 -9999.0 -9999.0 -9999.0 -9999.0 -9999.0 -9999.0 -9999.0 9.05573 9.0648 9.07356 -9999.0 -9999.0 -9999.0 9.10022 9.10373 9.10563 9.10577 9.10404 9.10034 9.09458 -9999.0 -9999.0 -9999.0 -9999.0 -9999.0 -9999.0 8.99399 8.97137 8.94699 8.92105 8.89377 8.86545 8.83639 8.80697 8.77761 8.74878 8.721 8.69483 8.67087 8.64977 8.6322 8.61885 8.61044 8.60768 8.61128 8.62194 8.64031 8.66699 8.70248 8.74715 8.80118 8.86458 8.93714 9.0185
9.25066 9.20499 9.162 9.12218 9.08603 9.05405 9.02667 9.00423 8.98695 8.97491 8.96798 8.96591 8.96826 8.97454 -9999.0 -9999.0 -9999.0 9.02689 9.04382 -9999.0 -9999.0 -9999.0 -9999.0 -9999.0 -9999.0 9.15208 9.16199 9.16977 9.17525 9.17829 9.17876 9.17657 9.17165 9.16395 9.15344 -9999.0 -9999.0 -9999.0 -9999.0 -9999.0 9.03375 9.0054 8.97517 8.94337 8.91034 8.87651 8.84233 8.80834 8.77515 8.7434 8.7138 8.68713 8.66417 8.64574 8.63265 8.62567 8.62552 8.63285 8.64818 8.67194 8.70445 8.74588 8.79629 8.85563 8.92372 9.00027 9.0849
9.21191 9.1599 9.11069 9.06499 9.02355 8.9872 8.95674 8.93289 8.91618 8.90682 8.90462 8.90905 8.91931 8.93447 8.95356 8.97565 8.99987 9.02545 -9999.0 -9999.0 -9999.0 -9999.0 -9999.0 -9999.0 -9999.0 -9999.0 9.22538 9.23735 9.24639 9.25235 9.25513 9.25465 9.25083 9.24366 9.23312 9.21923 -9999.0 -9999.0 -9999.0 -9999.0 -9999.0 9.0707 9.03672 9.00085 8.96349 8.92511 8.88625 8.84754 8.80969 8.77348 8.73979 8.70959 8.68389 8.66373 8.65014 8.64409 8.64638 8.65764 8.67826 8.70841 8.74807 8.79706 8.85511 8.92186 8.9969 9.07978 9.17005
9.18377 9.12644 9.07166 9.02022 8.97306 8.93131 8.89635 8.86972 8.85294 8.84683 8.85097 8.86392 8.88389 8.90923 8.93852 8.97054 9.00429 9.03891 -9999.0 -9999.0 -9999.0 -9999.0 9.2025 9.22993 9.25476 9.27672 9.2956 9.31119 9.32334 9.33192 9.33682 9.33799 9.33535 9.3289 9.31863 -9999.0 9.28681 -9999.0 -9999.0 -9999.0 -9999.0 -9999.0 -9999.0 -9999.0 9.02958 8.98729 -9999.0 -9999.0 8.85858 8.81761 8.77917 8.74442 8.71463 8.69122 8.67568 8.66947 8.67379 8.68939 8.71643 8.7546 8.80327 8.86171 8.92918 9.00496 9.08844 9.17902 9.27614
9.18019 9.1211 9.0643 9.01054 8.96068 8.9158 8.87728 8.84697 8.82796 8.82651 8.8394 8.86144 8.89008 8.92353 8.96038 8.99947 9.03984 9.08066 9.12121 9.16087 9.19911 9.23546 9.26952 9.30094 9.32942 9.3547 9.37656 9.39482 9.40932 -9999.0 9.42658 9.42918 9.4277 9.42212 9.41244 9.39872 9.381 9.3594 9.33403 -9999.0 9.27271 9.23721 -9999.0 -9999.0 -9999.0 -9999.0 -9999.0 -9999.0 8.93331 8.88885 8.8466 8.8077 8.77355 8.74579 8.72646 8.71811 8.72357 -9999.0 -9999.0 -9999.0 8.88777 8.95643 9.03349 -9999.0 9.20957 9.30726 9.41064
9.20812 9.15268 9.09989 9.05055 9.00563 8.96633 8.93414 8.91094 8.89873 8.89877 8.91046 8.93174 8.96037 8.99443 9.03234 9.07283 -9999.0 -9999.0 9.19983 9.24141 9.28159 9.31986 9.3558 9.38906 9.41931 9.44629 9.46976 9.48956 9.50551 9.51749 9.52542 9.52921 9.52885 9.52431 9.5156 9.50278 9.48591 9.46509 -9999.0 9.4122 9.38051 9.34565 9.3079 -9999.0 -9999.0 -9999.0 -9999.0 9.09078 9.04562 9.00164 8.95982 8.9213 8.88743 8.8598 8.84041 8.83198 8.83892 -9999.0 -9999.0 -9999.0 9.02918 9.10389 -9999.0 -9999.0 -9999.0 9.47412 9.58106
-9999.0 9.21526 9.17108 9.13087 9.09554 9.06605 9.04342 9.02862 9.02237 9.02495 9.03607 9.05496 9.08048 -9999.0 -9999.0 -9999.0 -9999.0 -9999.0 -9999.0 -9999.0 -9999.0 9.42371 9.45934 9.49247 9.52277 9.54996 9.5738 9.59409 9.61068 9.62342 9.63223 9.63704 9.63782 9.63456 9.62727 9.61601 9.60086 9.58193 9.55937 9.53336 9.50412 9.47194 9.43713 9.40006 -9999.0 9.32101 -9999.0 9.23923 9.19911 9.16068 9.12501 9.09333 9.06709 9.04794 9.03782 9.03873 -9999.0 -9999.0 -9999.0 -9999.0 9.23877 9.31266 -9999.0 -9999.0 -9999.0 9.68238 9.78933
9.33128 9.29406 9.2603 9.23059 9.20557 9.18586 9.17202 9.16451 9.16363 9.16941 9.18166 9.1999 9.22347 9.25158 9.28335 9.31791 9.35441 9.39205 9.43011 9.46791 9.5049 9.54053 9.57438 9.60603 9.63517 9.6615 9.68478 9.70481 9.72143 9.73451 9.74396 9.74972 9.75176 9.75007 9.74469 9.73567 9.7231 9.70712 9.68788 9.66558 9.64048 9.61285 9.58306 -9999.0 -9999.0 9.48498 9.45121 9.418 9.38619 9.35667 9.33049 9.30879 9.29281 9.28387 9.28325 9.29214 -9999.0 -9999.0 -9999.0 -9999.0 -9999.0 -9999.0 -9999.0 -9999.0 9.82652 9.92562 10.03
9.40089 9.37453 9.35157 9.3324 9.3174 9.30692 9.30124 9.30057 9.30499 9.31447 9.3288 9.34766 9.3706 9.39707 9.42647 9.45816 9.49148 9.52582 9.56057 9.59518 9.62914 9.66201 9.69336 9.72284 9.75015 9.77501 9.7972 9.81654 9.83287 9.84609 9.8561 9.86286 9.86635 9.86657 9.86357 9.85741 9.8482 9.83608 9.82123 9.80385 9.7842 9.76258 9.73936 9.71494 9.68979 9.66445 9.63953 9.6157 9.59372 9.57441 9.55867 9.54742 9.54164 9.54228 9.55021 9.5662 9.59083 -9999.0 -9999.0 -9999.0 -9999.0 -9999.0 -9999.0 -9999.0 10.097 10.1923 10.2929
9.46134 9.44595 9.43372 9.42486 9.41954 9.4179 9.42006 9.42605 9.43587 9.4494 9.46647 9.48682 9.51011 9.53596 9.56391 9.59351 9.62429 9.65577 9.6875 9.71903 9.74997 9.77994 9.80862 9.83571 9.86094 9.8841 9.90499 9.92347 9.93942 9.95273 9.96335 9.97125 9.97642 9.97889 9.9787 9.97594 9.97073 9.9632 9.95354 9.94195 9.92871 9.9141 9.89846 9.8822 9.86576 9.84962 9.83435 9.82054 9.80884 9.79994 9.79456 9.79345 9.79732 9.80686 9.82272 9.84541 -9999.0 -9999.0 -9999.0 -9999.0 -9999.0 -9999.0 -9999.0 -9999.0 -9999.0 -9999.0 -9999.0
9.50605 9.50162 9.50002 9.50127 9.50538 9.51236 9.52218 9.53477 9.55006 9.56791 9.58814 9.61053 9.63483 9.66075 9.68798 9.71618 9.74501 9.77415 9.80325 9.83201 9.86014 9.88736 9.91342 9.93812 9.96125 9.98267 10.0022 10.0199 10.0354 10.0489 10.0602 10.0695 10.0766 10.0816 10.0846 10.0857 10.0849 10.0826 10.0787 10.0735 10.0673 10.0603 10.0529 10.0454 10.0381 10.0316 10.0262 -9999.0 10.0211 10.0224 10.0271 10.0357 10.0487 -9999.0 -9999.0 -9999.0 -9999.0 -9999.0 -9999.0 -9999.0 -9999.0 -9999.0 -9999.0 -9999.0 -9999.0 -9999.0 -9999.0
9.53184 9.53837 9.54732 9.55856 9.57195 9.58738 9.60472 9.62383 9.64459 9.66683 9.6904 9.71511 9.74076 9.76715 9.79406 9.82126 9.84854 9.87567 9.90245 9.92868 9.95417 9.97875 10.0023 10.0246 10.0457 10.0654 10.0837 10.1004 10.1157 10.1294 10.1416 10.1523 10.1616 10.1694 10.1759 10.1812 10.1854 10.1886 10.1909 10.1926 10.1939 10.195 10.1961 10.1976 10.1998 10.203 10.2076 10.2141 10.2227 10.2341 10.2485 10.2665 10.2883 -9999.0 -9999.0 -9999.0 -9999.0 -9999.0 -9999.0 -9999.0 -9999.0 -9999.0 -9999.0 -9999.0 -9999.0 -9999.0 -9999.0
9.53856 9.55611 9.57557 9.59666 9.61915 9.64281 9.66743 9.69285 9.71889 9.74539 9.77221 9.7992 9.82621 9.85312 9.87978 9.90608 9.93189 9.9571 9.98162 10.0053 10.0282 10.0501 10.0711 10.0911 10.11 10.1279 10.1449 10.1608 10.1757 10.1897 10.2029 10.2152 10.2268 10.2377 10.248 10.2578 10.2672 10.2763 10.2853 10.2942 10.3033 10.3128 10.3228 10.3335 10.3453 -9999.0 10.373 10.3895 10.4082 10.4294 10.4534 10.4805 -9999.0 -9999.0 -9999.0 -9999.0 -9999.0 -9999.0 -9999.0 -9999.0 -9999.0 -9999.0 -9999.0 11.1234 11.2049 11.2902 11.379
9.52895 9.55747 9.58727 9.61796 9.64919 9.68067 9.71214 9.7434 9.77427 9.80459 9.83426 9.86315 9.89119 9.91832 9.94447 9.96961 9.99371 10.0168 10.0388 10.0598 10.0798 10.0988 10.117 10.1344 10.151 10.1669 10.1823 10.1973 10.2118 10.2261 10.2402 10.2543 10.2684 10.2825 10.2969 10.3115 10.3264 10.3418 10.3578 10.3743 10.3916 10.4098 10.429 10.4493 10.4708 -9999.0 10.5186 10.5452 10.5739 10.6049 10.6383 10.6745 10.7137 10.7559 10.8015 -9999.0 -9999.0 -9999.0 -9999.0 -9999.0 -9999.0 -9999.0 11.2955 11.3735 11.4549 11.5395 11.6271
