setup_data/66098_caitjcampbell_JJA_NoAm_Map_1980_2009/66098_caitjcampbell_JJA_NoAm_Map_1980_2009/stdkrig.asc
ncols 291
nrows 150
xllcorner -176.5
yllcorner 3.9000015258789062
cellsize 0.5
NODATA_value -9999
[rows 58 to 86 of 150, columns 134 to 200 of 291]
8.35606 8.35577 8.34756 8.33271 8.31276 8.28941 8.26436 8.23931 8.21586 8.19548 8.17927 8.16776 8.16064 8.15667 8.15379 8.14951 8.14138 8.1275 8.10686 8.07967 8.04762 8.01411 7.98426 7.96415 7.95855 7.96854 7.99146 8.02268 8.05777 8.09374 8.12932 8.16475 8.20159 8.24255 8.2914 8.35246 8.42873 8.51972 8.62203 8.73156 8.84476 8.95895 9.07209 9.18274 9.28985 9.39271 9.49085 9.58399 9.67195 9.75461 9.83184 9.9035 9.96939 10.0293 10.083 10.1303 10.1711 10.2055 10.2337 10.256 10.2731 10.2856 10.2948 10.3016 10.3075 10.3138 10.322
8.35043 8.35551 8.35247 8.3423 8.32619 8.30544 8.28147 8.25575 8.22988 8.20555 8.18445 8.16798 8.15676 8.15013 8.14606 8.14161 8.13372 8.11993 8.09881 8.07025 8.03569 7.99839 7.96393 7.94081 7.93564 7.94454 7.96126 7.98138 8.00193 8.02132 8.0394 8.05722 8.07675 8.10077 8.13332 8.18109 8.25149 8.34213 8.44505 8.55449 8.66668 8.77901 8.88963 8.99721 9.1008 9.19983 9.29394 9.38299 9.46695 9.54579 9.61946 9.68776 9.75042 9.80705 9.85726 9.90064 9.93693 9.966 9.98793 10.0031 10.012 10.0156 10.0151 10.0119 10.0076 10.004 10.0029
8.33025 8.33805 8.33785 8.33042 8.31665 8.29748 8.27392 8.24711 8.21846 8.18982 8.16359 8.14256 8.12906 8.12337 8.12294 8.12352 8.12096 8.11218 8.09546 8.07054 8.03865 8.00264 7.96744 7.94193 7.93685 7.94261 7.95175 7.96048 7.96679 7.97025 7.97204 7.97464 7.98106 7.99392 8.01595 8.05271 8.1175 8.20406 8.30155 8.4048 8.51051 8.61636 8.72057 8.82179 8.91905 9.01177 9.09968 9.1828 9.26128 9.33525 9.40472 9.46945 9.52901 9.58277 9.63 9.67002 9.70226 9.72637 9.74229 9.75026 9.75088 9.7451 9.73426 9.72002 9.70438 9.68954 9.67783
8.29249 8.30087 8.30183 8.29603 8.28416 8.26681 8.24452 8.2179 8.18789 8.15608 8.12513 8.09934 8.08448 8.08343 8.09129 8.10089 8.10695 8.10626 8.09732 8.0801 8.05604 8.02812 8.00098 7.98028 7.9692 7.96514 7.96316 7.9595 7.95218 7.94115 7.92851 7.91883 7.91795 7.9289 7.95193 7.9892 8.0439 8.11471 8.19679 8.28587 8.3789 8.47347 8.56753 8.65934 8.7476 8.83157 8.91103 8.98621 9.05756 9.1255 9.19017 9.25129 9.30813 9.35966 9.40472 9.44217 9.4711 9.49086 9.50119 9.50223 9.49453 9.47909 9.4574 9.43136 9.40333 9.37602 9.35241
8.2362 8.24359 8.24463 8.24011 8.23067 8.21665 8.19809 8.17498 8.14761 8.11702 8.08545 8.05699 8.04016 8.0475 8.06449 8.08215 8.09574 8.10257 8.10149 8.09271 8.07764 8.05877 8.03926 8.02204 8.0084 7.99738 7.98653 7.97333 7.95626 7.93526 7.91235 7.89262 7.88792 7.90192 7.92655 7.96044 8.00421 8.05802 8.12098 8.19172 8.26854 8.34922 8.43114 8.5118 8.58926 8.66248 8.73133 8.79644 8.85886 8.91953 8.97889 9.03657 9.09138 9.14165 9.18555 9.2214 9.24784 9.26395 9.26929 9.26386 9.24818 9.22325 9.19063 9.15244 9.11136 9.07064 9.03392
8.16279 8.16818 8.16864 8.16541 8.15944 8.15097 8.13948 8.1242 8.10485 8.08226 8.0588 8.03905 8.03013 8.03651 8.05277 8.0714 8.08748 8.0982 8.10228 8.09973 8.09157 8.07956 8.06569 8.05163 8.03809 8.0247 8.01027 7.99352 7.97372 7.95131 7.92853 7.91043 7.90497 7.91406 7.93223 7.9563 7.98562 8.02085 8.06338 8.11464 8.17492 8.24213 8.31245 8.38198 8.44794 8.50898 8.56522 8.61799 8.66936 8.72136 8.77502 8.82978 8.8836 8.93375 8.9775 9.01252 9.03712 9.05018 9.05113 9.03993 9.01701 8.98334 8.94048 8.89061 8.83669 8.7824 8.73208
8.07682 8.07989 8.07926 8.07709 8.07544 8.07468 8.07321 8.06901 8.06108 8.05006 8.03825 8.02929 8.02699 8.03307 8.04579 8.06133 8.076 8.0871 8.09315 8.0938 8.08965 8.08192 8.07203 8.0611 8.04965 8.03759 8.02446 8.00985 7.99382 7.97719 7.96187 7.9508 7.94675 7.95008 7.95864 7.97006 7.9833 7.99913 8.02036 8.05194 8.09771 8.15463 8.21567 8.27513 8.32956 8.37752 8.41943 8.45747 8.49527 8.53691 8.58472 8.63758 8.69167 8.74256 8.78649 8.82072 8.84342 8.85351 8.85049 8.83432 8.80539 8.76456 8.71322 8.65348 8.58835 8.52186 8.45904
7.98691 7.98872 7.98676 7.98455 7.98724 7.99586 8.0058 8.01288 8.01553 8.01439 8.01156 8.00979 8.0115 8.01783 8.02824 8.04086 8.05329 8.06331 8.06937 8.07089 8.06826 8.06265 8.05543 8.0476 8.03955 8.03119 8.02238 8.01332 8.00456 7.9969 7.99119 7.98819 7.9881 7.99023 7.99309 7.99521 7.99596 7.99619 7.99886 8.01088 8.04637 8.09619 8.14869 8.19805 8.2409 8.27574 8.3029 8.32481 8.34647 8.37552 8.41789 8.4705 8.52546 8.57636 8.61899 8.65076 8.67018 8.67651 8.66949 8.6492 8.61599 8.5705 8.51385 8.44781 8.37513 8.29996 8.22809
7.90531 7.90966 7.90877 7.90576 7.91149 7.92984 7.94809 7.96166 7.96957 7.97293 7.97398 7.97517 7.97834 7.98442 7.99339 8.00432 8.01554 8.02498 8.03076 8.032 8.02913 8.02384 8.01822 8.01357 8.00982 8.00626 8.0027 7.99993 7.99925 8.00153 8.00653 8.01313 8.01981 8.02502 8.02743 8.02629 8.0218 8.01568 8.01184 8.01752 8.04021 8.07594 8.11575 8.15348 8.18528 8.20913 8.22472 8.23372 8.24046 8.25429 8.29312 8.34502 8.39713 8.44334 8.48013 8.50555 8.51873 8.51946 8.50787 8.48423 8.44885 8.4021 8.34469 8.27787 8.20385 8.12626 8.05097
7.84421 7.85587 7.86259 7.86755 7.87739 7.89353 7.90943 7.92055 7.92592 7.92703 7.9266 7.92709 7.92976 7.93495 7.94285 7.95344 7.96554 7.9765 7.98342 7.98457 7.98038 7.97367 7.9687 7.96786 7.96953 7.97098 7.9715 7.97304 7.97894 7.99097 8.00739 8.02475 8.03994 8.05087 8.05646 8.05664 8.05246 8.04641 8.04243 8.0453 8.05821 8.08023 8.10718 8.1344 8.15811 8.1759 8.18697 8.19263 8.19709 8.20879 8.23627 8.27441 8.31322 8.34645 8.37071 8.38445 8.3874 8.37996 8.3628 8.33644 8.30112 8.2569 8.20398 8.14313 8.07608 8.00598 7.93805
7.80887 7.82699 7.84198 7.85469 7.8668 7.87825 7.88665 7.88966 7.88689 7.88052 7.87479 7.87311 7.87517 7.87926 7.88571 7.89679 7.91256 7.92849 7.9394 7.94239 7.93745 7.92797 7.9223 7.92744 7.93593 7.94154 7.94329 7.9445 7.95292 7.97386 8.00131 8.02833 8.05095 8.06719 8.07639 8.07899 8.07648 8.07137 8.067 8.06681 8.07321 8.08662 8.10544 8.12682 8.14761 8.16525 8.17849 8.18794 8.19634 8.20774 8.22469 8.24539 8.26515 8.27954 8.28587 8.2832 8.27203 8.25372 8.22979 8.20119 8.16803 8.12976 8.0859 8.03666 7.98354 7.92955 7.8794
7.79066 7.81165 7.83143 7.84816 7.86104 7.8693 7.87178 7.86748 7.85659 7.84157 7.82907 7.82758 7.83181 7.83559 7.83912 7.84966 7.8722 7.89552 7.91257 7.92053 7.91953 7.91293 7.9096 7.91844 7.92963 7.93652 7.938 7.93719 7.94378 7.96981 8.00168 8.0318 8.0566 8.0744 8.0847 8.08804 8.08582 8.08025 8.07412 8.0705 8.0721 8.08065 8.09628 8.11728 8.14064 8.16318 8.18262 8.19819 8.21051 8.22078 8.22956 8.23586 8.23746 8.23208 8.21841 8.19661 8.16843 8.13681 8.10491 8.07456 8.04543 8.01575 7.98368 7.94856 7.91152 7.87528 7.84326
7.77594 7.7989 7.82127 7.83967 7.85254 7.85924 7.85946 7.85316 7.84104 7.82557 7.81317 7.81314 7.81892 7.82398 7.82885 7.84057 7.86342 7.88856 7.90944 7.92343 7.93075 7.93423 7.93859 7.9464 7.95506 7.96095 7.96337 7.96541 7.97334 7.99092 8.01431 8.03782 8.05768 8.07191 8.0797 8.08121 8.07735 8.06979 8.06082 8.0533 8.05065 8.05635 8.07253 8.09808 8.12882 8.15994 8.18769 8.20994 8.22583 8.23515 8.23766 8.23267 8.21914 8.19614 8.16352 8.12245 8.07594 8.02904 7.98799 7.95664 7.93355 7.91437 7.89503 7.87341 7.85027 7.82889 7.81261
7.7624 7.78676 7.80899 7.8261 7.83731 7.84303 7.84414 7.84152 7.8363 7.83049 7.82745 7.82953 7.83512 7.84166 7.84957 7.86181 7.87982 7.90123 7.9224 7.94086 7.9558 7.96789 7.97846 7.98811 7.99603 8.00112 8.0035 8.0052 8.00916 8.01711 8.02822 8.04014 8.05053 8.05762 8.06036 8.05836 8.05198 8.04224 8.03078 8.01996 8.01334 8.01656 8.03583 8.07028 8.11184 8.15312 8.18932 8.2176 8.23644 8.24504 8.24289 8.22956 8.20466 8.16814 8.12057 8.06366 8.00083 7.93822 7.88662 7.85585 7.84037 7.83252 7.82559 7.81524 7.80143 7.78932 7.78581
7.76305 7.7812 7.79657 7.80708 7.81308 7.81637 7.81921 7.82318 7.82864 7.83531 7.84305 7.85154 7.85991 7.86753 7.87512 7.88462 7.89785 7.91527 7.93587 7.95772 7.97885 7.99784 8.01392 8.02656 8.03525 8.03974 8.04044 8.03856 8.03572 8.03326 8.03178 8.0312 8.03099 8.03011 8.02736 8.02186 8.01359 8.00336 7.9924 7.98221 7.9752 7.97655 8.00044 8.04609 8.09718 8.14599 8.18786 8.21985 8.2402 8.24786 8.24229 8.22331 8.19109 8.14629 8.0902 8.0251 7.95466 7.88492 7.82703 7.79357 7.78087 7.78268 7.78685 7.78617 7.77957 7.77211 7.77706
7.77794 7.78248 7.7844 7.78302 7.77974 7.77767 7.78102 7.79241 7.81008 7.83019 7.84959 7.86615 7.87864 7.88685 7.89192 7.89636 7.90363 7.91696 7.93749 7.9632 7.99032 8.0155 8.03653 8.0522 8.06201 8.06591 8.06426 8.05779 8.04755 8.03482 8.02125 8.00882 7.99907 7.99181 7.98513 7.97731 7.96837 7.96001 7.9541 7.95165 7.95411 7.96596 7.99497 8.04029 8.09167 8.14117 8.18371 8.21597 8.2358 8.24192 8.23373 8.21127 8.17526 8.12714 8.06916 8.0045 7.93746 7.87389 7.821 7.78465 7.77012 7.77612 7.78609 7.79253 7.79434 7.79515 7.79936
7.79522 7.78504 7.77139 7.75622 7.74222 7.73271 7.73411 7.75346 7.78359 7.81629 7.84649 7.8708 7.88732 7.89567 7.89715 7.89488 7.89415 7.90231 7.92399 7.95502 7.98826 8.01867 8.04345 8.06129 8.07188 8.07536 8.07205 8.06228 8.04646 8.0255 8.00152 7.97852 7.96161 7.9518 7.94437 7.93541 7.9255 7.91925 7.9211 7.9307 7.94651 7.96966 8.00238 8.04398 8.08997 8.13485 8.17392 8.20359 8.22128 8.22536 8.21507 8.19057 8.15306 8.1048 8.04911 7.99014 7.9325 7.88092 7.83981 7.81286 7.80222 7.80519 7.81408 7.82261 7.82853 7.83251 7.83568
7.81234 7.78818 7.7597 7.73244 7.71192 7.70006 7.70139 7.72412 7.76027 7.80071 7.8386 7.86885 7.88858 7.89709 7.89572 7.88782 7.87907 7.87983 7.90476 7.94063 7.97742 8.01007 8.03594 8.05407 8.06462 8.06821 8.06531 8.05585 8.0394 8.0159 7.98662 7.95585 7.93468 7.92839 7.92324 7.91349 7.90021 7.89189 7.90112 7.92086 7.94489 7.97262 8.00487 8.04158 8.0808 8.11926 8.15322 8.17918 8.19426 8.19643 8.18466 8.15904 8.12104 8.07358 8.0211 7.969 7.9224 7.88484 7.85807 7.84265 7.83793 7.84143 7.84913 7.85742 7.86443 7.86993 7.87432
7.83105 7.79666 7.75684 7.71994 7.69964 7.69139 7.69423 7.71233 7.74649 7.78967 7.83164 7.86516 7.88663 7.89538 7.89325 7.88449 7.87594 7.87781 7.89789 7.92959 7.96344 7.99357 8.01696 8.03288 8.04225 8.04668 8.04725 8.04358 8.03418 8.01777 7.99489 7.96961 7.95181 7.94542 7.93966 7.92899 7.9147 7.90528 7.91184 7.9285 7.94877 7.97129 7.99656 8.02511 8.05631 8.08807 8.11715 8.13994 8.15321 8.15451 8.14241 8.11672 8.07875 8.03167 7.9809 7.93379 7.89728 7.87377 7.86137 7.85739 7.8596 7.86586 7.87402 7.88241 7.89043 7.89864 7.90823
7.85163 7.81481 7.77396 7.73764 7.71533 7.70489 7.7034 7.71333 7.74445 7.78832 7.83034 7.86328 7.88376 7.89147 7.88882 7.88086 7.87472 7.87775 7.8934 7.91849 7.94639 7.97126 7.9898 8.00149 8.0084 8.01418 8.02157 8.02973 8.03511 8.03471 8.02808 8.01791 8.00849 8.00107 7.99255 7.98036 7.96584 7.95387 7.9488 7.95015 7.95535 7.96338 7.97499 7.99152 8.0134 8.03893 8.06443 8.08561 8.09868 8.10086 8.09038 8.06658 8.0302 7.98394 7.93317 7.88719 7.85871 7.84875 7.84895 7.8544 7.86256 7.87193 7.88159 7.8912 7.90139 7.9142 7.93273
7.86866 7.83554 7.80025 7.76888 7.74635 7.73375 7.7308 7.7398 7.76504 7.80093 7.83621 7.8636 7.87957 7.88365 7.87816 7.86818 7.86091 7.86324 7.8775 7.89994 7.9242 7.94487 7.95895 7.96627 7.96992 7.97672 7.99404 8.01941 8.04446 8.06372 8.07538 8.08017 8.07971 8.07477 8.06488 8.04977 8.03068 8.01022 7.99085 7.97365 7.95884 7.94714 7.94051 7.942 7.95398 7.9747 7.99849 8.01955 8.0338 8.03863 8.03221 8.01338 7.98214 7.94046 7.89315 7.8493 7.82581 7.82293 7.82892 7.83872 7.84983 7.86137 7.87328 7.88581 7.89998 7.91887 7.94855
7.87437 7.84629 7.81668 7.79029 7.77094 7.76076 7.76067 7.77125 7.79176 7.81804 7.84356 7.86269 7.87212 7.87096 7.86082 7.84599 7.8339 7.83452 7.85087 7.87486 7.89873 7.91791 7.93052 7.93705 7.94059 7.94845 7.97867 8.02279 8.06618 8.10278 8.12992 8.14697 8.15428 8.15228 8.14129 8.12188 8.09528 8.06341 8.0284 7.99231 7.95715 7.92519 7.89934 7.88428 7.88706 7.90562 7.92867 7.94914 7.96408 7.9722 7.97197 7.96144 7.93949 7.90728 7.86937 7.83427 7.81177 7.80477 7.80856 7.81748 7.8283 7.84091 7.85663 7.87583 7.89819 7.92571 7.96673
7.86536 7.84089 7.81542 7.79334 7.77813 7.77229 7.77659 7.78945 7.80768 7.82738 7.84464 7.85622 7.85987 7.85473 7.84171 7.82404 7.80782 7.80649 7.82652 7.85157 7.87483 7.89368 7.90817 7.92031 7.93405 7.95655 7.9961 8.04841 8.1022 8.14997 8.1876 8.21311 8.2258 8.22562 8.21289 8.18836 8.15327 8.10944 8.05928 8.00587 7.9531 7.90533 7.86635 7.83974 7.83564 7.85117 7.86931 7.88444 7.89643 7.90671 7.91398 7.91421 7.90415 7.88336 7.8548 7.82466 7.80097 7.79031 7.79191 7.79912 7.80801 7.8207 7.8429 7.87526 7.91418 7.95995 8.02073
7.84547 7.82211 7.79915 7.7807 7.76903 7.76745 7.77737 7.79405 7.81156 7.82635 7.83698 7.84289 7.84327 7.83734 7.82578 7.81189 7.80176 7.80322 7.81754 7.83691 7.85545 7.87203 7.88895 7.90983 7.93815 7.97695 8.02741 8.08603 8.14584 8.20011 8.24401 8.27458 8.29029 8.29056 8.27551 8.24587 8.2029 8.14853 8.08548 8.01772 7.95113 7.89377 7.85262 7.82909 7.82219 7.82641 7.83244 7.83567 7.83872 7.84892 7.86448 7.87625 7.87851 7.86925 7.8495 7.82312 7.79713 7.78484 7.78909 7.79685 7.80442 7.8159 7.84705 7.89788 7.95859 8.02951 8.11628
7.8258 7.80103 7.78054 7.76778 7.75942 7.75991 7.77687 7.79724 7.81282 7.8215 7.825 7.82649 7.82636 7.82237 7.81434 7.80602 7.80283 7.80753 7.81813 7.83004 7.84041 7.85088 7.86735 7.89593 7.93807 7.99185 8.05431 8.12121 8.18707 8.24632 8.29436 8.32792 8.34504 8.34486 8.32741 8.29347 8.24452 8.18271 8.11108 8.03391 7.95764 7.89337 7.85644 7.83936 7.83188 7.82791 7.82244 7.81358 7.80525 7.81286 7.83342 7.85301 7.86546 7.86747 7.85844 7.84089 7.82134 7.81147 7.81451 7.82212 7.83234 7.85101 7.88995 7.95115 8.02848 8.12037 8.22843
7.82292 7.79829 7.78236 7.77885 7.7778 7.78299 7.79925 7.81625 7.82571 7.82563 7.81972 7.81748 7.82006 7.81901 7.81252 7.80617 7.80789 7.81681 7.82629 7.83181 7.83262 7.83288 7.84347 7.87763 7.93185 7.99832 8.07179 8.14731 8.21965 8.2837 8.33512 8.37068 8.38836 8.38731 8.3677 8.33065 8.27811 8.21286 8.13858 8.06014 7.98439 7.92229 7.88664 7.8695 7.85911 7.84917 7.83645 7.82148 7.8099 7.81048 7.82444 7.84492 7.86436 7.87695 7.88007 7.87496 7.86648 7.86097 7.86161 7.86809 7.88179 7.9081 7.95387 8.0221 8.11145 8.21982 8.3459
7.8455 7.83152 7.82255 7.82184 7.82614 7.83468 7.84657 7.85688 7.86015 7.85436 7.84276 7.83868 7.84362 7.84352 7.83573 7.82569 7.83058 7.8426 7.84983 7.84887 7.84085 7.83171 7.83441 7.86851 7.92678 7.99965 8.08063 8.16338 8.2418 8.31044 8.36488 8.40192 8.41964 8.41739 8.39571 8.35628 8.30185 8.23615 8.16386 8.09065 8.02336 7.96949 7.93335 7.91137 7.89593 7.88095 7.86347 7.84412 7.82712 7.81893 7.82512 7.84529 7.87093 7.893 7.90684 7.91218 7.91188 7.91009 7.91051 7.91625 7.93144 7.96199 8.01404 8.09123 8.19342 8.31798 8.46163
7.8797 7.87516 7.8729 7.87545 7.88232 7.89204 7.90249 7.9106 7.91355 7.91087 7.90587 7.90435 7.90629 7.90558 7.89957 7.89272 7.89313 7.89706 7.89564 7.88557 7.86897 7.85331 7.8511 7.87444 7.92539 7.99782 8.08275 8.17103 8.2547 8.32739 8.38433 8.42226 8.4394 8.43536 8.41112 8.36903 8.31273 8.24706 8.17771 8.11072 8.05175 8.00491 7.97122 7.94784 7.92969 7.912 7.89199 7.86953 7.8472 7.83023 7.82867 7.85174 7.88346 7.91216 7.93276 7.94426 7.94845 7.94872 7.94904 7.95391 7.96899 8.00171 8.06005 8.14891 8.26738 8.41065 8.57323
7.90811 7.90895 7.9118 7.91825 7.92817 7.94028 7.95278 7.96381 7.97213 7.97781 7.98238 7.98744 7.99232 7.99444 7.99247 7.98794 7.98269 7.97498 7.96086 7.93858 7.91064 7.88407 7.86957 7.87913 7.9211 7.99237 8.08061 8.1735 8.26141 8.33719 8.39573 8.4337 8.4494 8.44264 8.41476 8.36867 8.30883 8.2412 8.17264 8.10975 8.0573 8.01708 7.98803 7.96703 7.95004 7.9333 7.91441 7.89301 7.87127 7.85439 7.85251 7.87323 7.90393 7.93307 7.95496 7.96789 7.97313 7.97386 7.97425 7.97904 7.99413 8.02807 8.09299 8.19746 8.33676 8.50135 8.68371
