setup_data/66098_caitjcampbell_JJA_NoAm_Map_1980_2009/66098_caitjcampbell_JJA_NoAm_Map_1980_2009/stdreg.asc
ncols 291
nrows 150
xllcorner -176.5
yllcorner 3.9000015258789062
cellsize 0.5
NODATA_value -9999
[rows 0 to 29 of 150, columns 134 to 200 of 291]
-9999.0 -9999.0 -9999.0 -9999.0 -9999.0 -9999.0 -9999.0 -9999.0 -9999.0 20.8005 20.8118 20.8469 20.8377 20.8744 20.8744 20.8844 20.9056 20.9019 20.8895 20.8906 -9999.0 -9999.0 20.9207 20.9643 20.9581 20.956 20.9598 -9999.0 -9999.0 -9999.0 20.9998 21.0132 21.0476 21.0507 21.1102 21.2831 21.1812 21.3042 21.1691 21.2441 21.3172 21.1328 21.2315 21.1474 21.1601 21.2197 21.2468 21.246 21.333 21.271 21.2857 21.3512 21.3537 21.2651 21.3398 21.3567 21.5575 21.7107 21.7458 21.6587 21.6681 21.6487 21.5934 21.7623 21.7711 21.7487 21.6784
-9999.0 -9999.0 -9999.0 -9999.0 -9999.0 -9999.0 -9999.0 -9999.0 -9999.0 20.7468 20.7578 20.7661 20.7811 20.7895 20.8011 20.8077 20.8166 20.8286 20.8449 20.8655 20.8527 -9999.0 20.8686 20.8818 20.8929 20.9049 20.9243 20.9255 20.9309 -9999.0 -9999.0 -9999.0 -9999.0 20.9792 20.9959 21.0066 21.018 21.0288 21.0356 21.0546 21.0655 21.0712 21.0753 -9999.0 21.1521 21.118 21.1272 21.1867 21.1547 21.3073 21.2719 21.2446 21.3102 21.3258 21.276 21.3071 21.5288 21.6378 21.606 21.62 21.6059 21.4375 21.5459 21.565 21.477 21.3873 21.3793
-9999.0 -9999.0 -9999.0 -9999.0 -9999.0 -9999.0 -9999.0 20.6805 20.6917 -9999.0 -9999.0 -9999.0 -9999.0 -9999.0 20.7441 20.7577 20.7622 20.7703 20.7807 20.7926 20.7983 -9999.0 -9999.0 -9999.0 20.838 20.847 20.8614 20.8672 20.8847 20.8982 20.9084 20.9138 20.9162 -9999.0 -9999.0 -9999.0 20.9589 20.9696 20.9797 -9999.0 -9999.0 -9999.0 21.0235 21.0437 21.0738 21.1037 21.1 21.0794 21.0931 21.1075 21.1439 21.1638 21.1425 21.2121 21.2859 21.2072 21.3317 21.5255 21.4503 21.449 21.3689 21.3784 21.2845 21.269 21.2807 21.2919 21.3031
-9999.0 -9999.0 -9999.0 -9999.0 -9999.0 -9999.0 20.6289 20.6349 20.6444 20.6534 -9999.0 -9999.0 -9999.0 -9999.0 -9999.0 -9999.0 -9999.0 -9999.0 -9999.0 -9999.0 -9999.0 -9999.0 -9999.0 -9999.0 -9999.0 -9999.0 20.8082 20.8225 20.8323 20.8371 20.8471 20.8566 -9999.0 -9999.0 -9999.0 -9999.0 20.9083 20.9225 20.935 20.9408 -9999.0 -9999.0 20.9727 20.984 21.0178 21.0581 21.0663 21.1062 21.1424 21.1051 21.136 21.1981 21.2111 21.1633 21.1397 21.1303 21.187 21.355 21.1699 21.3022 21.234 21.1911 21.2021 -9999.0 -9999.0 -9999.0 -9999.0
20.548 20.5469 -9999.0 -9999.0 -9999.0 -9999.0 -9999.0 -9999.0 -9999.0 20.6052 20.6134 -9999.0 -9999.0 -9999.0 -9999.0 20.6574 20.6664 20.6782 20.6855 20.695 -9999.0 20.7095 20.7205 -9999.0 -9999.0 20.7579 20.7935 20.8129 20.8331 20.8431 20.8366 20.8382 20.8184 20.8292 20.8394 20.8811 20.8792 20.8687 20.8889 20.8952 20.9721 20.9343 21.0315 20.9578 20.9941 21.0122 21.0407 21.1458 21.039 21.1111 21.0197 21.0647 21.1025 21.1097 21.2005 21.1874 21.3455 21.2415 21.3765 21.322 21.2164 21.2381 21.2516 21.1619 -9999.0 -9999.0 -9999.0
20.5004 20.5161 20.5072 -9999.0 -9999.0 -9999.0 -9999.0 -9999.0 -9999.0 -9999.0 20.5695 20.5783 20.5866 20.5957 20.6024 20.6148 20.6395 20.6446 20.6406 20.6543 20.6803 20.6896 20.6935 20.6995 -9999.0 -9999.0 20.7122 20.7228 20.7372 20.748 20.7565 20.7675 20.7707 20.786 20.8089 20.8525 20.8356 20.8261 20.8377 20.8469 20.8523 20.8634 20.8746 20.8859 20.8966 20.9068 20.9171 20.9285 20.9422 20.9521 20.9626 20.9737 20.9853 20.997 21.0088 21.02 21.0302 21.048 21.0622 21.0712 21.0809 21.0869 -9999.0 -9999.0 -9999.0 -9999.0 -9999.0
20.4561 20.4621 20.4829 20.4865 20.4952 20.501 20.503 20.5116 -9999.0 -9999.0 -9999.0 20.5323 20.5398 20.5511 20.5709 20.5869 20.5946 20.5933 20.595 20.609 20.6297 20.6374 20.6431 20.6482 -9999.0 -9999.0 20.6677 -9999.0 20.6862 20.701 -9999.0 -9999.0 -9999.0 -9999.0 20.7444 20.7609 20.788 20.8206 20.8075 20.8045 20.8051 20.8286 20.8266 -9999.0 20.8483 -9999.0 -9999.0 -9999.0 20.8923 20.9026 20.9681 21.0398 21.0461 21.1883 21.2165 21.1184 21.0143 20.9958 21.0038 -9999.0 21.0252 -9999.0 -9999.0 -9999.0 -9999.0 -9999.0 -9999.0
20.4342 20.4214 20.4393 20.4337 20.4668 20.4554 20.4573 20.4544 -9999.0 20.4721 20.4815 20.4893 -9999.0 -9999.0 -9999.0 -9999.0 -9999.0 20.5401 20.551 20.5644 20.5882 20.6035 20.6099 20.5953 -9999.0 20.6123 20.6386 20.6585 20.664 20.6752 20.6835 20.6879 -9999.0 -9999.0 20.7005 20.7289 20.7472 20.774 20.7896 20.7959 20.8087 20.8165 20.8291 20.8489 20.8544 20.877 20.8747 20.9455 20.9648 20.9737 21.0629 21.1374 21.1701 21.2303 21.274 21.2225 21.1727 21.1191 21.0201 20.9684 -9999.0 -9999.0 -9999.0 -9999.0 -9999.0 -9999.0 -9999.0
20.3761 -9999.0 20.3872 20.3924 20.3984 20.4045 -9999.0 -9999.0 -9999.0 -9999.0 -9999.0 -9999.0 -9999.0 -9999.0 -9999.0 -9999.0 -9999.0 -9999.0 20.5067 20.5142 20.5225 20.5324 -9999.0 -9999.0 -9999.0 -9999.0 20.5778 20.589 20.5997 20.6073 20.6192 20.6291 -9999.0 -9999.0 20.6524 20.6637 20.6998 20.6845 20.7236 20.7671 20.7383 20.7269 20.7883 20.8184 20.8379 20.8165 20.8047 20.8958 20.8501 20.8637 20.8733 20.8524 20.8457 20.9037 20.9515 20.9959 20.9386 20.9563 20.9079 20.9179 -9999.0 -9999.0 -9999.0 -9999.0 -9999.0 -9999.0 -9999.0
-9999.0 -9999.0 -9999.0 -9999.0 -9999.0 -9999.0 -9999.0 -9999.0 -9999.0 -9999.0 -9999.0 -9999.0 -9999.0 -9999.0 -9999.0 -9999.0 -9999.0 -9999.0 -9999.0 -9999.0 -9999.0 -9999.0 20.4981 20.5075 -9999.0 -9999.0 -9999.0 -9999.0 -9999.0 20.5638 20.5724 20.598 20.6031 20.5989 -9999.0 -9999.0 -9999.0 -9999.0 -9999.0 -9999.0 -9999.0 -9999.0 20.6903 20.7004 20.7106 20.7219 20.7322 20.7426 20.7534 -9999.0 -9999.0 -9999.0 -9999.0 -9999.0 20.8174 20.8286 -9999.0 -9999.0 -9999.0 -9999.0 -9999.0 -9999.0 -9999.0 -9999.0 -9999.0 -9999.0 -9999.0
-9999.0 -9999.0 20.311 20.3159 -9999.0 20.3278 20.3485 20.3527 20.3594 20.3537 -9999.0 -9999.0 -9999.0 -9999.0 -9999.0 -9999.0 20.4066 20.4152 20.4427 20.4477 20.4466 20.4621 20.4745 20.4845 20.4914 -9999.0 -9999.0 20.502 20.5317 20.5404 20.5499 20.5822 20.5904 20.5904 20.6088 20.6205 20.6265 20.6187 20.6058 -9999.0 -9999.0 -9999.0 20.6457 20.7008 20.6994 20.7167 20.7294 20.7472 20.7285 -9999.0 -9999.0 20.742 20.7636 20.7819 20.8132 20.8117 20.7934 20.8208 20.9127 20.8823 20.8368 20.8473 20.8581 20.8692 -9999.0 -9999.0 -9999.0
-9999.0 -9999.0 20.2833 20.2929 20.2866 20.2939 20.296 20.3046 20.3147 20.3148 -9999.0 -9999.0 -9999.0 -9999.0 20.3534 -9999.0 20.3692 20.3756 20.3837 20.4059 20.4171 20.4238 20.4427 20.4261 20.4368 20.4428 -9999.0 20.4623 20.5073 20.5353 20.5292 20.5389 20.5446 20.5488 20.556 20.556 20.5452 -9999.0 -9999.0 -9999.0 20.5837 20.6202 20.6475 20.6559 20.6673 20.6768 20.6457 20.6554 20.6646 20.6781 20.7041 20.7923 20.8103 20.8401 20.8425 20.8711 20.9741 20.8394 20.7797 20.8337 20.9396 21.1743 21.1708 21.0861 20.9388 20.8532 20.8548
20.254 -9999.0 20.2403 20.2578 20.2693 20.269 20.2724 20.2715 20.2724 -9999.0 -9999.0 -9999.0 -9999.0 20.3088 20.3158 20.3268 20.33 20.34 20.3469 20.3573 20.367 20.3707 20.379 20.3891 20.3954 20.4211 -9999.0 20.4208 20.4477 20.4496 20.4674 20.4583 20.465 20.4748 20.4843 20.493 -9999.0 -9999.0 -9999.0 20.5332 20.5585 20.5759 20.581 20.5945 20.6206 20.6205 -9999.0 20.6127 20.6593 20.7253 20.7334 20.6915 20.7487 20.7693 20.7966 20.7911 20.7556 20.8042 20.7265 20.7391 20.7534 20.7653 20.7771 20.8336 21.0229 20.8201 20.8154
20.2196 20.2076 20.2068 20.2103 20.2203 20.2339 20.2492 20.2425 20.2404 -9999.0 -9999.0 -9999.0 -9999.0 -9999.0 -9999.0 20.2868 20.2933 20.2999 20.3089 20.3183 20.3289 20.3432 20.3466 20.3631 20.3658 20.3786 20.374 -9999.0 20.3916 20.4224 20.4273 20.4175 -9999.0 -9999.0 -9999.0 -9999.0 -9999.0 -9999.0 -9999.0 20.4922 20.5172 20.533 20.5504 20.548 20.5657 20.5724 20.562 -9999.0 20.5857 20.5952 20.6172 20.6486 20.6434 20.6907 20.6894 20.6795 20.6886 20.6735 20.7033 20.6999 20.7503 20.7321 20.8338 20.8379 20.9497 20.9346 20.9928
20.1748 20.1738 20.1731 20.1781 20.1848 20.193 20.1993 20.2065 20.2115 20.2126 -9999.0 -9999.0 -9999.0 -9999.0 -9999.0 -9999.0 -9999.0 -9999.0 20.2728 20.2789 20.2882 20.2965 20.3029 20.3103 20.3196 20.3279 -9999.0 20.3444 20.3713 20.3813 20.3769 20.3782 -9999.0 -9999.0 -9999.0 -9999.0 -9999.0 -9999.0 20.4444 20.4625 20.4838 20.497 20.5088 20.5148 20.5249 20.5322 20.5368 20.5285 20.5386 20.5493 20.5671 20.5798 20.6021 20.6335 20.6304 20.6415 20.6533 20.6685 20.6737 20.7821 20.7467 20.7709 20.792 20.7808 20.7365 20.8261 20.8293
20.1459 20.1448 20.1461 20.1573 20.155 20.1631 20.1652 20.1695 20.1747 20.1783 20.1831 -9999.0 -9999.0 -9999.0 -9999.0 -9999.0 -9999.0 -9999.0 -9999.0 -9999.0 20.2535 20.2588 20.2666 -9999.0 -9999.0 -9999.0 20.3129 20.3213 20.3365 20.3598 20.3736 20.3611 20.3541 -9999.0 -9999.0 -9999.0 -9999.0 -9999.0 -9999.0 20.4164 20.424 20.4331 20.4424 20.4521 20.4697 20.4805 20.4881 20.5 20.5007 20.5125 20.5305 20.5437 20.552 20.5637 20.5799 20.5881 20.5994 20.6184 20.6213 20.6267 20.6394 20.6523 20.6691 20.6933 20.7576 20.7744 20.7873
20.1156 20.1165 20.1205 20.1243 20.1312 20.1338 20.1386 20.1427 20.1469 20.1525 20.1549 20.1593 20.1641 20.1704 -9999.0 -9999.0 -9999.0 20.1975 20.205 -9999.0 -9999.0 -9999.0 -9999.0 -9999.0 -9999.0 20.2569 20.263 20.2856 20.3224 20.3321 20.3406 20.3552 20.3544 20.3281 20.3318 -9999.0 -9999.0 -9999.0 -9999.0 -9999.0 20.389 20.4002 20.4148 20.4291 20.434 20.4418 20.4577 20.4668 20.4883 20.4848 20.493 20.5034 20.5167 20.5427 20.5461 20.5449 20.5514 20.5609 20.5708 20.5815 20.5828 20.6195 20.6426 20.6546 20.6668 20.6889 20.7361
20.0812 20.0848 20.09 20.0947 20.0976 20.1037 20.1118 20.1197 20.1206 20.1221 20.1254 20.1309 20.1359 20.1414 20.1458 20.1505 20.1591 20.1653 -9999.0 -9999.0 -9999.0 -9999.0 -9999.0 -9999.0 -9999.0 -9999.0 20.2351 20.2469 20.262 20.2779 20.2868 20.2927 20.2996 20.2976 20.2964 20.3057 -9999.0 -9999.0 -9999.0 -9999.0 -9999.0 20.3619 20.3713 20.3766 20.3854 20.3946 20.4198 20.4319 20.4318 20.4659 20.4665 20.4857 20.4951 20.4924 20.4841 20.4939 20.5061 20.5194 20.5306 20.5374 20.5587 20.553 20.5627 20.5733 20.6247 20.6153 20.6455
20.0527 20.0557 20.0584 20.0614 20.0652 20.0715 20.0753 20.0822 20.09 20.092 20.0945 20.1004 20.1023 20.1102 20.1152 20.1193 20.1255 20.1344 -9999.0 -9999.0 -9999.0 -9999.0 20.1668 20.1764 20.1847 20.1907 20.1971 20.2027 20.2116 20.2189 20.2383 20.2382 20.2448 20.2547 20.2634 -9999.0 20.2814 -9999.0 -9999.0 -9999.0 -9999.0 -9999.0 -9999.0 -9999.0 20.3529 20.3622 -9999.0 -9999.0 20.4098 20.4297 20.4356 20.4306 20.4363 20.4399 20.4464 20.4569 20.4669 20.4763 20.4857 20.4948 20.5049 20.5154 20.5247 20.5349 20.5445 20.5582 20.5831
20.025 20.032 20.0398 20.0399 20.0367 20.0388 20.0434 20.0491 20.0545 20.06 20.0652 20.0705 20.0734 20.0806 20.0853 20.092 20.0979 20.1041 20.1106 20.1171 20.1236 20.1297 20.1355 20.1448 20.1531 20.1595 20.1635 20.172 20.1798 -9999.0 20.1948 20.204 20.2121 20.2261 20.235 20.2494 20.2656 20.2554 20.2659 -9999.0 20.2889 20.2926 -9999.0 -9999.0 -9999.0 -9999.0 -9999.0 -9999.0 20.351 20.3903 20.3993 20.4084 20.4059 20.4065 20.415 20.4253 20.4295 -9999.0 -9999.0 -9999.0 20.4681 20.4779 20.4876 -9999.0 20.506 20.5171 20.527
19.9921 19.9983 20.001 20.0058 20.0087 20.0197 20.0195 20.0214 20.0243 20.03 20.0349 20.0402 20.0455 20.0515 20.0573 20.0633 -9999.0 -9999.0 20.0811 20.0877 20.0937 20.1008 20.1048 20.1112 20.1196 20.1285 20.1357 20.1403 20.149 20.1558 20.163 20.1711 20.1803 20.1918 20.213 20.2214 20.2282 20.2276 -9999.0 20.2443 20.2563 20.2715 20.2727 -9999.0 -9999.0 -9999.0 -9999.0 20.3106 20.3452 20.3522 20.3682 20.3837 20.3723 20.385 20.3755 20.387 20.3942 -9999.0 -9999.0 -9999.0 20.4322 20.4424 -9999.0 -9999.0 -9999.0 20.481 20.4894
-9999.0 19.9726 19.9736 19.9776 19.9815 19.9865 19.9918 19.9982 20.0006 20.0044 20.0077 20.0132 20.0186 -9999.0 -9999.0 -9999.0 -9999.0 -9999.0 -9999.0 -9999.0 -9999.0 20.0711 20.0771 20.0835 20.0899 20.0968 20.1061 20.1116 20.119 20.1257 20.1359 20.1453 20.155 20.1696 20.1762 20.197 20.2019 20.1991 20.2103 20.2163 20.2298 20.2315 20.2322 20.243 -9999.0 20.2562 -9999.0 20.2953 20.3145 20.3282 20.3302 20.3369 20.3401 20.3615 20.3405 20.3503 -9999.0 -9999.0 -9999.0 -9999.0 20.3973 20.4073 -9999.0 -9999.0 -9999.0 20.4463 20.4549
19.9462 19.9485 19.9515 19.9571 19.9617 19.9678 19.9713 19.9761 19.9794 19.9833 19.9868 19.9925 19.9951 19.998 20.0017 20.0069 20.0125 20.0182 20.0251 20.0301 20.0359 20.0425 20.0485 20.0547 20.0621 20.0696 20.0756 20.0828 20.0948 20.1033 20.1131 20.1255 20.1388 20.152 20.1569 20.1686 20.1667 20.1821 20.1802 20.1918 20.2123 20.2299 20.2201 -9999.0 -9999.0 20.2239 20.2472 20.2692 20.2876 20.2966 20.3084 20.3076 20.3235 20.3242 20.3299 20.3313 -9999.0 -9999.0 -9999.0 -9999.0 -9999.0 -9999.0 -9999.0 -9999.0 20.4005 20.4127 20.4243
19.9366 19.9265 19.9319 19.93 19.9352 19.9458 19.9482 19.9552 19.9578 19.961 19.9641 19.969 19.9737 19.9785 19.9818 19.9866 19.9932 19.9984 20.0042 20.0069 20.0138 20.0183 20.0246 20.0318 20.0381 20.0437 20.0487 20.055 20.0615 20.081 20.0905 20.0961 20.0998 20.1158 20.1283 20.1393 20.1485 20.1645 20.1646 20.1796 20.1845 20.192 20.1931 20.1821 20.1869 20.2009 20.2311 20.2379 20.2248 20.2415 20.2607 20.2698 20.2807 20.2865 20.2896 20.294 20.2938 -9999.0 -9999.0 -9999.0 -9999.0 -9999.0 -9999.0 -9999.0 20.3682 20.3771 20.3862
19.9129 19.9159 19.9195 19.9104 19.917 19.9238 19.9316 19.9336 19.9379 19.9394 19.9431 19.9458 19.9507 19.9554 19.9593 19.9643 19.969 19.9741 19.981 19.9846 19.99 19.9958 20.0025 20.0088 20.0152 20.0185 20.0243 20.0316 20.0431 20.0619 20.0706 20.078 20.0859 20.0931 20.0906 20.1004 20.1166 20.1325 20.151 20.152 20.1489 20.1566 20.1553 20.1724 20.1664 20.1649 20.1749 20.1828 20.2076 20.2225 20.2174 20.227 20.242 20.2412 20.244 20.2536 -9999.0 -9999.0 -9999.0 -9999.0 -9999.0 -9999.0 -9999.0 -9999.0 -9999.0 -9999.0 -9999.0
19.8959 19.8949 19.8983 19.9003 19.8962 19.8983 19.9069 19.9129 19.9123 19.9192 19.9218 19.9256 19.9281 19.9312 19.9358 19.9397 19.9445 19.95 19.9543 19.9619 19.9648 19.9703 19.9769 19.9835 19.9879 19.9984 20.0051 20.0093 20.0222 20.0352 20.0417 20.051 20.0618 20.0695 20.0664 20.0711 20.0859 20.096 20.1056 20.1251 20.12 20.1271 20.1339 20.135 20.1361 20.1404 20.1455 -9999.0 20.1617 20.169 20.1784 20.1872 20.1964 -9999.0 -9999.0 -9999.0 -9999.0 -9999.0 -9999.0 -9999.0 -9999.0 -9999.0 -9999.0 -9999.0 -9999.0 -9999.0 -9999.0
19.8796 19.8775 19.8803 19.8802 19.8797 19.8839 19.8864 19.8905 19.8936 19.898 19.9006 19.9031 19.9048 19.9083 19.9121 19.9163 19.9251 19.9258 19.9319 19.9358 19.9405 19.9459 19.9523 19.9585 19.9631 19.9716 19.9786 19.9841 19.9937 20.0043 20.0129 20.0223 20.0254 20.0363 20.0447 20.052 20.0599 20.0676 20.0734 20.0798 20.0681 20.0763 20.0928 20.1007 20.1038 20.1066 20.116 20.1242 20.1334 20.1408 20.15 20.1579 20.1671 -9999.0 -9999.0 -9999.0 -9999.0 -9999.0 -9999.0 -9999.0 -9999.0 -9999.0 -9999.0 -9999.0 -9999.0 -9999.0 -9999.0
19.8604 19.86 19.8586 19.856 19.8602 19.8622 19.8659 19.8669 19.871 19.8718 19.8757 19.8787 19.882 19.8862 19.8914 19.8948 19.8994 19.9031 19.9091 19.9124 19.9164 19.9279 19.9291 19.9344 19.9411 19.947 19.9524 19.9592 19.9659 19.9719 19.9788 19.9877 19.9967 20.0022 20.013 20.0198 20.031 20.0364 20.0467 20.055 20.0602 20.0678 20.064 20.0683 20.0738 -9999.0 20.0889 20.0993 20.1057 20.1169 20.1414 20.1408 -9999.0 -9999.0 -9999.0 -9999.0 -9999.0 -9999.0 -9999.0 -9999.0 -9999.0 -9999.0 -9999.0 20.2345 20.2451 20.2562 20.2636
19.8334 19.8353 19.834 19.8369 19.8397 19.8444 19.8441 19.8469 19.8511 19.8537 19.8562 19.8618 19.8602 19.8628 19.8675 19.8708 19.8757 19.8769 19.8809 19.886 19.8921 19.8992 19.9037 19.9104 19.9153 19.9226 19.9292 19.9349 19.9413 19.944 19.9521 19.9578 19.9662 19.9725 19.979 19.9864 19.993 20.0008 20.0091 20.0164 20.0251 20.0323 20.0354 20.0394 20.0466 -9999.0 20.0623 20.0718 20.0801 20.0961 20.1168 20.1245 20.1373 20.1362 20.1454 -9999.0 -9999.0 -9999.0 -9999.0 -9999.0 -9999.0 -9999.0 20.1968 20.2169 20.2377 20.2372 20.2378
19.8117 19.8135 19.8153 19.8195 19.8204 19.823 19.8249 19.8277 19.8315 19.8335 19.8352 19.8341 19.8386 19.8413 19.8462 19.8512 19.859 19.8584 19.8617 19.8665 19.8701 19.8762 19.8822 19.8881 19.8929 19.8979 19.9012 19.9067 19.9122 19.9183 19.9243 19.9308 19.9373 19.9446 19.9508 19.9587 19.9684 19.9704 19.9766 19.9835 19.992 19.9997 20.0051 20.0137 -9999.0 -9999.0 20.0359 20.0467 20.054 20.063 20.0746 20.0796 20.0854 20.0948 20.106 20.1097 -9999.0 -9999.0 -9999.0 -9999.0 -9999.0 -9999.0 -9999.0 20.1776 20.1861 20.1951 20.2043
