setup_data/66098_caitjcampbell_JJA_NoAm_Map_1980_2009/66098_caitjcampbell_JJA_NoAm_Map_1980_2009/stdreg.asc
ncols 291
nrows 150
xllcorner -176.5
yllcorner 3.9000015258789062
cellsize 0.5
NODATA_value -9999
[rows 30 to 59 of 150, columns 134 to 200 of 291]
19.795 19.7959 19.7976 19.7994 19.8017 19.8041 19.8053 19.8076 19.8103 19.8091 19.8125 19.8194 19.8238 19.8281 19.8256 19.835 19.8356 19.8387 19.8427 19.8472 19.85 19.8557 19.8617 19.8663 19.8699 19.8756 19.8812 19.8878 19.8948 19.898 19.9033 19.9078 19.9144 19.92 19.926 19.9322 19.9389 19.9454 19.952 19.9598 -9999.0 19.9745 -9999.0 -9999.0 19.9967 20.0035 20.0112 20.0189 20.0305 20.0354 20.0431 20.0509 20.0589 20.0668 20.075 20.0832 20.0967 20.1003 20.1081 -9999.0 -9999.0 -9999.0 -9999.0 20.1505 20.159 20.1679 -9999.0
19.7719 19.7754 19.7781 19.7805 19.7835 19.7859 19.7877 19.7896 19.7926 19.791 19.7971 19.8012 19.8041 19.8056 19.8074 19.8122 19.8159 19.8221 19.827 19.8313 19.8369 19.8375 19.8406 19.8454 19.8504 19.8565 19.8615 19.8656 19.8716 19.8785 19.8834 19.887 19.8935 19.8981 19.9045 19.9145 19.9199 19.9225 -9999.0 -9999.0 -9999.0 -9999.0 -9999.0 -9999.0 -9999.0 -9999.0 -9999.0 19.9956 20.003 20.0105 -9999.0 -9999.0 -9999.0 -9999.0 -9999.0 -9999.0 20.0661 -9999.0 -9999.0 -9999.0 -9999.0 -9999.0 20.1153 20.124 20.1328 20.1412 -9999.0
19.7509 19.7562 19.7586 19.7621 19.7651 19.7679 19.7707 19.7742 19.7742 19.7756 19.7802 19.7844 19.7851 19.7869 19.7916 19.7926 19.7957 19.8012 19.8047 19.8106 19.8161 19.8157 19.8186 19.8235 19.831 19.8361 19.8409 19.8462 19.8499 19.8552 19.8599 19.8655 19.871 19.876 19.8819 19.8879 19.8947 19.9012 -9999.0 -9999.0 -9999.0 -9999.0 -9999.0 -9999.0 -9999.0 -9999.0 -9999.0 -9999.0 -9999.0 -9999.0 -9999.0 20.002 20.0104 20.0178 20.0252 20.0332 -9999.0 -9999.0 -9999.0 -9999.0 -9999.0 -9999.0 20.0902 20.0987 -9999.0 -9999.0 -9999.0
19.7391 19.7418 19.7465 19.7471 19.7489 19.752 19.753 19.7553 19.7569 19.7612 19.7654 19.7659 19.7665 19.7689 19.7725 19.7783 19.779 19.7819 19.7875 19.7907 19.795 19.7998 19.8006 19.8061 19.8107 19.8155 19.82 19.824 19.8289 19.8342 19.8388 19.8442 19.8498 19.8558 19.8619 -9999.0 -9999.0 -9999.0 -9999.0 -9999.0 -9999.0 -9999.0 -9999.0 -9999.0 -9999.0 -9999.0 -9999.0 -9999.0 -9999.0 -9999.0 -9999.0 19.9785 19.9863 19.9937 20.0016 -9999.0 -9999.0 -9999.0 20.0329 20.0436 20.0493 -9999.0 20.0654 20.0796 20.0911 20.1131 20.1077
19.724 19.7294 19.739 19.7305 19.7328 19.7353 19.7376 19.7405 19.7419 19.7445 19.7497 19.7541 19.7509 19.7545 19.7564 19.7595 19.7618 19.7648 19.7698 19.7738 19.7779 19.782 19.7843 19.7901 19.7922 19.7964 19.8003 19.8056 19.8091 19.8145 19.819 19.8241 19.8301 -9999.0 -9999.0 -9999.0 -9999.0 -9999.0 -9999.0 -9999.0 -9999.0 -9999.0 -9999.0 -9999.0 -9999.0 -9999.0 -9999.0 -9999.0 -9999.0 -9999.0 -9999.0 -9999.0 -9999.0 -9999.0 -9999.0 -9999.0 -9999.0 -9999.0 20.0095 20.0172 20.0255 -9999.0 20.0415 20.0494 20.0588 20.0735 20.0868
19.7118 19.7137 19.7157 19.7186 19.7203 19.7252 19.7227 19.726 19.7274 19.7298 19.7327 19.7339 19.7376 19.7384 19.7403 19.7425 19.7444 19.7482 19.7523 19.7558 19.7602 19.7636 19.7673 19.7708 19.7745 19.7793 19.7832 19.7878 19.7911 19.7958 19.8004 19.8057 -9999.0 -9999.0 -9999.0 -9999.0 -9999.0 -9999.0 -9999.0 -9999.0 -9999.0 -9999.0 -9999.0 -9999.0 -9999.0 -9999.0 -9999.0 -9999.0 -9999.0 -9999.0 -9999.0 -9999.0 -9999.0 -9999.0 -9999.0 -9999.0 -9999.0 -9999.0 -9999.0 -9999.0 -9999.0 -9999.0 -9999.0 20.0263 20.0404 20.0487 20.0582
19.6978 19.6979 19.7014 19.7041 19.708 19.7088 19.7112 19.7115 19.7147 19.7154 19.7178 19.7193 19.7213 19.7236 19.7245 19.7267 19.729 19.7326 19.7355 19.7392 19.7434 19.7481 19.7497 19.7535 19.7568 19.761 19.7656 19.769 19.7727 19.7775 19.783 -9999.0 -9999.0 -9999.0 -9999.0 -9999.0 -9999.0 -9999.0 -9999.0 -9999.0 -9999.0 -9999.0 -9999.0 -9999.0 -9999.0 -9999.0 -9999.0 -9999.0 -9999.0 -9999.0 -9999.0 -9999.0 -9999.0 -9999.0 -9999.0 -9999.0 -9999.0 -9999.0 -9999.0 -9999.0 -9999.0 19.988 19.9959 20.0037 20.0119 20.0224 20.0328
19.6831 19.6838 19.6859 19.6899 19.6937 19.6949 19.6974 19.6985 19.7003 19.7025 19.7068 19.7108 19.7089 19.7084 19.7089 19.714 19.7155 19.7166 19.7208 19.7223 19.7266 19.732 19.7351 19.7377 19.7405 19.7447 19.7486 19.7523 19.7563 19.7607 -9999.0 -9999.0 -9999.0 -9999.0 -9999.0 -9999.0 -9999.0 -9999.0 -9999.0 -9999.0 -9999.0 -9999.0 -9999.0 -9999.0 -9999.0 -9999.0 -9999.0 -9999.0 -9999.0 -9999.0 -9999.0 -9999.0 -9999.0 -9999.0 -9999.0 -9999.0 -9999.0 -9999.0 -9999.0 -9999.0 -9999.0 -9999.0 -9999.0 19.9819 19.9898 19.9982 20.0076
19.6668 19.6675 19.6708 19.6724 19.6761 19.6782 19.6806 19.6861 19.6884 19.6899 19.691 19.6955 19.6997 19.6986 19.6991 19.7018 19.7009 19.7022 19.7049 19.7081 19.713 19.7166 19.7208 19.7235 19.7269 19.7299 19.733 19.7361 19.74 19.745 -9999.0 -9999.0 -9999.0 -9999.0 -9999.0 -9999.0 -9999.0 -9999.0 -9999.0 -9999.0 -9999.0 -9999.0 -9999.0 -9999.0 -9999.0 -9999.0 -9999.0 -9999.0 -9999.0 -9999.0 -9999.0 -9999.0 -9999.0 -9999.0 -9999.0 -9999.0 -9999.0 -9999.0 -9999.0 -9999.0 -9999.0 -9999.0 -9999.0 19.9609 19.9693 19.978 19.9879
19.6563 19.6541 19.6546 19.6573 19.6589 19.6608 19.6635 19.6666 19.6697 19.6731 19.6785 19.6832 19.685 19.6866 19.6852 19.6856 19.6887 19.6895 19.6906 19.694 19.6973 19.7001 19.7053 19.709 19.7114 19.7145 19.7178 19.7208 19.7245 19.7297 -9999.0 -9999.0 -9999.0 -9999.0 -9999.0 -9999.0 -9999.0 -9999.0 -9999.0 -9999.0 -9999.0 -9999.0 -9999.0 -9999.0 -9999.0 -9999.0 -9999.0 -9999.0 -9999.0 -9999.0 -9999.0 -9999.0 -9999.0 -9999.0 -9999.0 -9999.0 -9999.0 -9999.0 -9999.0 -9999.0 -9999.0 -9999.0 19.9326 19.9404 19.9485 19.9583 19.9665
19.645 19.6465 19.6485 19.651 19.6554 19.6559 19.6557 19.6544 19.6603 19.6649 19.6699 19.6722 19.6744 19.6731 19.671 19.6699 19.6732 19.6764 19.6787 19.6799 19.6827 19.6872 19.6905 19.6955 19.6997 19.7013 19.7031 19.7063 19.71 19.7137 19.7177 19.7221 19.7285 -9999.0 -9999.0 -9999.0 -9999.0 -9999.0 -9999.0 -9999.0 -9999.0 -9999.0 -9999.0 -9999.0 -9999.0 -9999.0 -9999.0 -9999.0 -9999.0 -9999.0 -9999.0 -9999.0 -9999.0 -9999.0 -9999.0 -9999.0 -9999.0 -9999.0 -9999.0 -9999.0 -9999.0 19.9056 19.9133 19.9209 19.9289 19.9383 19.9465
19.6377 19.6405 19.6429 19.6441 19.6468 19.6456 19.6441 19.6466 19.6533 19.6596 19.6619 19.6636 19.6578 19.6606 19.6564 19.6559 19.6589 19.6634 19.667 19.6688 19.6714 19.6743 19.6776 19.6834 19.6852 19.6876 19.6905 19.6935 19.6967 19.6996 19.7035 19.7075 19.7124 19.7183 -9999.0 -9999.0 -9999.0 -9999.0 -9999.0 -9999.0 -9999.0 -9999.0 -9999.0 -9999.0 -9999.0 -9999.0 -9999.0 -9999.0 -9999.0 -9999.0 -9999.0 -9999.0 -9999.0 -9999.0 -9999.0 -9999.0 -9999.0 -9999.0 -9999.0 -9999.0 -9999.0 -9999.0 19.8938 19.9012 19.9092 19.9184 19.9272
19.6324 19.6322 19.6354 19.6377 19.6396 19.6362 19.6366 19.6445 19.6448 19.6451 19.6476 19.6512 19.6484 19.6443 19.6439 19.6422 19.6465 19.6492 19.6523 19.657 19.659 19.6605 19.6639 19.6686 19.6721 19.6745 19.6776 19.6804 19.6842 19.6873 19.6905 19.694 19.6979 19.7029 -9999.0 -9999.0 -9999.0 -9999.0 -9999.0 -9999.0 -9999.0 -9999.0 -9999.0 -9999.0 -9999.0 -9999.0 -9999.0 -9999.0 -9999.0 -9999.0 -9999.0 -9999.0 -9999.0 -9999.0 -9999.0 -9999.0 -9999.0 -9999.0 -9999.0 -9999.0 -9999.0 -9999.0 -9999.0 -9999.0 19.89 19.9046 19.908
19.6211 19.6235 19.6237 19.6255 19.6273 19.6287 19.6298 19.629 19.6315 19.6337 19.633 19.6328 19.6334 19.6307 19.6312 19.6326 19.634 19.6388 19.6405 19.6438 19.6461 19.6495 19.6519 19.6549 19.6593 19.6615 19.6643 19.668 19.6711 19.6754 19.678 19.6809 19.6843 19.6892 19.6951 19.6994 19.7027 19.7071 19.7134 -9999.0 -9999.0 -9999.0 -9999.0 -9999.0 -9999.0 -9999.0 -9999.0 -9999.0 -9999.0 -9999.0 -9999.0 -9999.0 -9999.0 -9999.0 -9999.0 -9999.0 -9999.0 -9999.0 -9999.0 -9999.0 -9999.0 -9999.0 -9999.0 -9999.0 -9999.0 19.8793 19.8909
19.6131 19.6103 19.6118 19.613 19.6142 19.6177 19.6181 19.6195 19.6231 19.6195 19.6177 19.6198 19.6191 19.6192 19.621 19.6227 19.625 19.626 19.6281 19.6308 19.6338 19.6371 19.6409 19.6444 19.646 19.6496 19.6517 19.6552 19.6585 19.6619 19.6653 19.668 19.6718 19.6762 19.6799 19.6842 19.6888 19.6934 19.6982 19.7028 19.7076 19.7129 19.7189 -9999.0 -9999.0 -9999.0 -9999.0 -9999.0 -9999.0 -9999.0 -9999.0 -9999.0 -9999.0 -9999.0 -9999.0 -9999.0 -9999.0 -9999.0 -9999.0 19.82 19.8267 -9999.0 -9999.0 -9999.0 -9999.0 19.8619 19.8737
19.6027 19.6012 19.6005 19.6011 19.6024 19.6031 19.6073 19.6067 19.6057 19.6036 19.6055 19.6053 19.6058 19.6092 19.6107 19.6103 19.6126 19.6136 19.6153 19.6187 19.6216 19.6253 19.628 19.6308 19.6335 19.6358 19.6392 19.642 19.6455 19.6495 19.6526 19.6553 19.6588 19.6634 19.667 19.6708 19.6763 19.6804 19.6848 19.689 19.6937 19.6988 19.7036 19.7089 -9999.0 -9999.0 -9999.0 -9999.0 -9999.0 -9999.0 -9999.0 -9999.0 -9999.0 -9999.0 -9999.0 -9999.0 -9999.0 -9999.0 -9999.0 19.8034 19.8103 19.8171 -9999.0 -9999.0 -9999.0 19.8452 19.8523
19.5971 19.5913 19.5891 19.5898 19.5909 19.5911 19.5914 19.5915 19.591 19.589 19.5903 19.5936 19.5947 19.5965 19.5981 19.5985 19.6 19.6011 19.6032 19.6053 19.6083 19.6112 19.6149 19.6185 19.62 19.6236 19.6268 19.629 19.6329 19.6372 19.6405 19.6436 19.6471 19.6506 19.6548 19.6586 19.6625 19.6671 19.6717 19.6762 19.6812 19.6861 19.6906 19.6954 19.7002 19.7053 19.7107 19.7162 -9999.0 -9999.0 -9999.0 -9999.0 -9999.0 -9999.0 -9999.0 -9999.0 -9999.0 -9999.0 -9999.0 19.7879 19.7946 -9999.0 -9999.0 -9999.0 19.8221 19.8337 19.841
19.5894 19.5838 19.5801 19.5791 19.5795 19.5798 19.5804 19.5812 19.5812 19.578 19.5784 19.5809 19.5831 19.5851 19.5865 19.5866 19.5869 19.5881 19.5904 19.593 19.5953 19.5982 19.6007 19.6036 19.607 19.6107 19.6139 19.6167 19.6205 19.6249 19.6282 19.6313 19.6351 19.6385 19.6428 19.6465 19.6506 19.6551 19.6591 19.6638 19.6684 19.6726 19.6771 19.6821 19.6865 19.6914 19.6967 19.7015 19.7073 19.7129 19.7185 19.7241 19.7299 19.7361 19.7421 -9999.0 -9999.0 -9999.0 -9999.0 -9999.0 -9999.0 -9999.0 19.7927 19.8006 19.8084 19.8163 19.8268
19.5803 19.5795 19.5715 19.5699 19.5699 19.5698 19.5755 19.5724 19.5727 19.5716 19.5712 19.5694 19.5718 19.5728 19.5725 19.5729 19.5747 19.5763 19.5781 19.5801 19.5824 19.5847 19.587 19.5901 19.5939 19.5979 19.6018 19.6055 19.6097 19.6133 19.6172 19.6208 19.6247 19.6274 19.632 19.6357 19.6398 19.6437 19.6476 19.6518 19.6565 19.6607 19.6646 19.6688 19.6732 19.6785 19.6835 19.6886 19.6938 19.6992 19.7046 19.7102 19.716 19.7218 19.7279 -9999.0 -9999.0 -9999.0 -9999.0 19.7583 19.7641 19.7705 19.7782 19.785 19.7929 19.8034 19.8081
19.565 19.5623 19.5601 19.5596 19.5592 19.5605 19.5607 19.5598 19.5629 19.5633 19.561 19.5601 19.5617 19.562 19.5629 19.5621 19.5626 19.5645 19.5671 19.5691 19.5717 19.5733 19.5758 19.5783 19.582 19.5864 19.5902 19.594 19.5982 19.6016 19.6059 19.6093 19.6134 19.6172 19.6216 19.6252 19.6295 19.6331 19.6362 19.6405 19.6447 19.6487 19.6531 19.657 19.6611 19.6657 19.6711 19.676 19.6808 19.6863 19.6915 19.6965 19.7024 19.7085 19.7145 -9999.0 -9999.0 -9999.0 -9999.0 -9999.0 19.7502 19.756 19.7629 19.7696 19.7771 19.7842 19.7912
19.5596 19.5567 19.5559 19.5505 19.5496 19.5488 19.55 19.5484 19.5498 19.5494 19.5503 19.5519 19.552 19.5523 19.5526 19.5527 19.5533 19.5552 19.5573 19.5591 19.5614 19.5663 19.5692 19.5684 19.572 19.5755 19.5791 19.5835 19.5877 19.5911 19.5955 19.5987 19.6031 19.6074 19.6121 19.6155 19.6197 19.6229 19.6268 19.6289 19.6333 19.6376 19.6409 19.6449 19.6489 19.6536 19.6586 19.6636 19.6688 19.6738 19.679 19.6841 19.6895 19.6952 19.7014 -9999.0 -9999.0 -9999.0 -9999.0 -9999.0 19.7369 19.742 19.7479 19.755 19.7618 19.7696 19.7757
19.5493 19.5448 19.5447 19.5487 19.5435 19.5397 19.5388 19.5388 19.5391 19.5392 19.5397 19.5434 19.5425 19.546 19.5437 19.5435 19.5452 19.5469 19.5497 19.5503 19.5529 19.557 19.5594 19.5617 19.5623 19.5664 19.5695 19.5735 19.5773 19.5814 19.5849 19.5888 19.5925 19.5972 19.6016 19.6062 19.6092 19.6144 19.6174 19.6197 19.6238 19.6268 19.63 19.6333 19.6371 19.6416 19.6464 19.6513 19.6563 19.6614 19.6662 19.6716 19.6773 19.683 19.689 19.6944 19.7 -9999.0 -9999.0 19.7177 19.7239 19.7286 19.7344 19.7412 19.748 19.7554 19.7642
19.541 19.5365 19.5354 19.5342 19.5314 19.5306 19.5301 19.5291 19.5299 19.5302 19.5303 19.5336 19.5337 19.5332 19.5348 19.5442 19.5444 19.5391 19.5407 19.5426 19.5426 19.5453 19.5501 19.5528 19.5556 19.5572 19.5609 19.5635 19.5671 19.5714 19.5749 19.5792 19.5842 19.5876 19.5923 19.5976 19.6024 19.6053 19.6084 19.6112 19.614 19.6167 19.6195 19.623 19.6259 19.6298 19.6343 19.639 19.6439 19.6488 19.6539 19.6597 19.6655 19.6712 19.6767 19.6825 19.688 19.6936 -9999.0 -9999.0 -9999.0 19.7164 19.7216 19.7274 19.7352 19.7423 19.7501
19.5316 19.529 19.527 19.525 19.5233 19.5224 19.522 19.5218 19.5218 19.5218 19.5229 19.5244 19.5262 19.5263 19.5285 19.5297 19.5314 19.532 19.5336 19.5333 19.5337 19.5355 19.5383 19.5436 19.5463 19.5489 19.5514 19.5541 19.5579 19.5619 19.565 19.5701 19.5754 19.5789 19.5834 19.5889 19.5937 19.5979 19.6015 19.6024 19.604 19.6055 19.6081 19.6112 19.6147 19.6182 19.6226 19.6271 19.6318 19.6368 19.6421 19.6478 19.6532 19.6585 19.6642 19.6704 19.6762 -9999.0 -9999.0 -9999.0 -9999.0 19.7046 19.7092 19.7149 19.7223 19.7298 19.7383
19.524 19.5222 19.5199 19.5185 19.5171 19.5163 19.5158 19.515 19.5147 19.5146 19.5166 19.5165 19.517 19.5187 19.5201 19.5231 19.5278 19.5298 19.5263 19.5263 19.5265 19.5273 19.5288 19.533 19.5375 19.5415 19.5428 19.5455 19.5484 19.5529 19.5563 19.5611 19.5648 19.5701 19.5754 19.5789 19.5834 19.5872 19.5921 19.5931 19.5933 19.5948 19.5971 19.6001 19.603 19.6069 19.6112 19.616 19.6203 19.625 19.6309 19.6366 19.6419 19.6473 19.6526 19.6579 19.6636 19.6697 -9999.0 19.6813 19.687 19.692 19.697 19.7027 19.7094 19.7173 19.7245
19.5181 19.516 19.5145 19.513 19.5123 19.5107 19.5095 19.5089 19.5087 19.5084 19.5097 19.5104 19.512 19.5103 19.5119 19.5128 19.5164 19.5156 19.5177 19.5203 19.5201 19.5212 19.5219 19.5252 19.5279 19.5313 19.5336 19.535 19.5385 19.543 19.5477 19.5517 19.5564 19.5612 19.5647 19.5685 19.5735 19.5767 19.5803 19.5811 19.5824 19.5839 19.5868 19.5888 19.5918 19.5957 19.6001 19.6049 19.6094 19.6152 19.6205 19.6251 19.6303 19.6354 19.6408 19.6469 19.6529 19.6588 19.6639 19.67 19.6751 19.6798 19.6848 19.6913 19.6983 19.7054 19.7117
19.5137 19.5117 19.5099 19.5082 19.5078 19.5054 19.5044 19.5035 19.5029 19.5023 19.5029 19.5025 19.5028 19.5023 19.5036 19.5043 19.5065 19.5086 19.5095 19.5147 19.5126 19.5144 19.5163 19.5172 19.5196 19.5246 19.5247 19.5255 19.5286 19.5327 19.5374 19.5427 19.5483 19.5513 19.5546 19.5589 19.5623 19.5659 19.5692 19.5693 19.5713 19.5738 19.5756 19.5783 19.5813 19.5851 19.5895 19.5943 19.5994 19.6045 19.6101 19.614 19.6184 19.624 19.6305 19.6362 19.6415 19.6459 19.6501 19.6564 19.663 19.6676 19.6737 19.6805 19.6881 19.6939 19.7009
19.5099 19.5084 19.5078 19.5068 19.5028 19.5011 19.4996 19.4988 19.4979 19.4973 19.4968 19.4971 19.4971 19.4971 19.498 19.4979 19.4994 19.4998 19.5009 19.5026 19.505 19.5085 19.5102 19.5118 19.5143 19.5158 19.5154 19.5179 19.5213 19.5243 19.5283 19.5337 19.5393 19.5434 19.5454 19.5481 19.5506 19.5544 19.558 19.5597 19.5604 19.5633 19.5659 19.5681 19.5712 19.5749 19.5791 19.5843 19.5903 19.5957 19.6011 19.6038 19.6089 19.6148 19.6197 19.6241 19.6285 19.6338 19.6397 19.6459 19.6518 19.6583 19.6642 19.6702 19.6766 19.6833 19.6899
19.5194 19.5099 19.5056 19.5017 19.499 19.4971 19.496 19.4946 19.4933 19.4926 19.4918 19.4915 19.4911 19.4912 19.4919 19.4926 19.4931 19.4947 19.4951 19.4972 19.4988 19.4993 19.5029 19.5057 19.5078 19.5092 19.5086 19.5121 19.515 19.5178 19.5203 19.5241 19.5305 19.5351 19.5362 19.5404 19.5419 19.546 19.5479 19.5489 19.5506 19.5534 19.5562 19.5591 19.5619 19.5658 19.5698 19.5744 19.5788 19.584 19.5884 19.5932 19.5982 19.6032 19.6084 19.6133 19.618 19.6237 19.6301 19.6356 19.6421 19.6491 19.6547 19.6603 19.6674 19.6731 19.6784
19.5066 19.5033 19.501 19.4985 19.5001 19.4949 19.4962 19.4915 19.49 19.4882 19.4873 19.4869 19.4867 19.4863 19.4864 19.4872 19.488 19.4883 19.4891 19.4913 19.4924 19.4925 19.4941 19.4997 19.5016 19.5013 19.5023 19.5065 19.51 19.5111 19.5136 19.516 19.5214 19.525 19.5296 19.5339 19.5343 19.5366 19.5382 19.539 19.5416 19.5441 19.549 19.5511 19.5535 19.5572 19.5615 19.5654 19.5698 19.5752 19.5792 19.5838 19.5885 19.5939 19.5987 19.6035 19.6083 19.6139 19.6197 19.6258 19.6328 19.6402 19.646 19.6509 19.6559 19.6639 19.6688
