setup_data/66098_caitjcampbell_JJA_NoAm_Map_1980_2009/66098_caitjcampbell_JJA_NoAm_Map_1980_2009/stdreg.asc
ncols 291
nrows 150
xllcorner -176.5
yllcorner 3.9000015258789062
cellsize 0.5
NODATA_value -9999
[rows 30 to 59 of 150, columns 67 to 133 of 291]
20.2999 20.2952 20.2636 20.2489 20.2532 20.2173 20.186 20.1729 20.1525 20.1445 20.1171 20.1249 20.0969 20.0875 20.0747 20.0778 20.0585 20.0891 20.0195 20.0301 20.0147 20.029 20.0517 20.1264 20.0297 20.0419 20.123 20.1064 20.1663 20.1215 20.0432 20.0157 19.9449 19.9371 19.9296 19.8941 19.8752 19.8672 19.8575 19.8628 19.8472 19.8394 19.8386 19.828 19.8189 19.8173 19.8174 19.81 19.7995 19.7943 19.7919 19.7872 19.7836 19.7825 19.782 19.7817 19.7811 19.782 19.7815 19.784 19.7984 19.7896 19.7901 19.7892 19.7922 19.7949 19.7998
20.2924 20.2712 20.26 20.2395 20.2334 20.2121 20.1879 20.17 20.141 20.1253 20.1086 20.1086 20.0958 20.069 20.1721 20.071 20.066 20.022 20.094 20.0304 20.0015 20.0043 20.0501 20.0511 20.0257 20.0384 20.0661 20.024 20.0557 20.0043 20.1146 20.0812 20.0701 19.9956 19.9637 19.934 19.8918 19.8728 19.8492 19.8437 19.8377 19.8303 19.8223 19.8255 19.8078 19.8014 19.7946 19.7885 19.783 19.7786 19.7751 19.7714 19.7679 19.7664 19.7643 19.7639 19.7637 19.7644 19.7638 19.7637 19.7647 19.7742 19.7783 19.7763 19.7698 19.7751 19.7732
20.3747 20.2788 20.254 20.242 20.2329 20.2108 20.183 20.162 20.1448 20.1471 20.1051 20.0922 20.0729 20.0584 20.0451 20.0299 20.0175 20.0752 20.0279 19.9911 19.9878 20.0125 19.973 19.9636 20.015 19.9957 19.9884 20.0119 20.1052 20.1564 20.0317 20.0376 19.9749 20.0718 19.9954 19.9462 19.9416 19.8692 19.874 19.8364 19.8298 19.8209 19.8107 19.801 19.7945 19.7878 19.7808 19.7748 19.7688 19.7646 19.7607 19.7577 19.7543 19.7519 19.7498 19.7482 19.7469 19.7468 19.746 19.7465 19.7475 19.7479 19.7487 19.749 19.7477 19.7483 19.7497
20.602 20.3302 20.4247 20.3069 20.2361 20.211 20.1915 20.1662 20.1356 20.1354 20.1557 20.1273 20.0854 20.047 20.0333 20.0265 20.0301 20.0057 19.9955 19.9784 19.9758 19.9709 19.9529 19.9606 20.0016 19.9798 19.9721 20.0859 20.06 20.1213 20.058 20.0538 20.1633 20.0384 20.074 19.9975 19.9389 19.8927 19.846 19.8324 19.8232 19.8124 19.8011 19.7904 19.7885 19.8004 19.7941 19.778 19.7763 19.7612 19.747 19.7433 19.7407 19.7387 19.7367 19.7348 19.7365 19.7355 19.73 19.7298 19.7302 19.7308 19.7311 19.7318 19.7344 19.736 19.7371
20.4123 20.4206 20.4523 20.3136 20.284 20.2895 20.1929 20.1975 20.1364 20.2018 20.1093 20.0923 20.0972 20.0599 20.0319 20.0165 20.0034 20.0457 20.0077 20.0072 20.028 19.974 19.9514 19.9564 19.9516 19.9632 19.9241 19.9353 19.9975 20.0394 20.0478 20.0701 20.0048 19.9402 19.9499 19.9074 20.0213 19.8859 19.8508 19.8432 19.823 19.8095 19.7917 19.7806 19.7726 19.7644 19.7587 19.7516 19.745 19.7395 19.7344 19.7313 19.7294 19.7262 19.7245 19.7219 19.7238 19.723 19.7217 19.7206 19.7165 19.7166 19.7179 19.7199 19.7208 19.7233 19.7231
20.3701 20.3431 20.3352 20.5885 20.7367 20.5386 20.5761 20.3527 20.2521 20.1323 20.0989 20.0918 20.0678 20.0456 20.0424 20.0041 20.014 20.0147 20.0605 20.0291 19.9785 19.9496 19.9791 19.987 19.9546 20.0068 19.9356 19.903 19.9403 19.9145 20.0524 19.9241 19.9347 19.8972 19.9008 19.9186 19.8846 19.8612 19.8568 19.8365 19.8179 19.7999 19.787 19.7727 19.7636 19.7556 19.7484 19.7424 19.7346 19.7287 19.7235 19.7206 19.719 19.717 19.7172 19.7145 19.7131 19.7113 19.7093 19.7025 19.7029 19.7037 19.7044 19.7059 19.7073 19.7081 19.7075
20.4826 20.4252 20.4674 20.7193 20.923 20.5774 20.8393 20.649 20.4999 20.2137 20.1117 20.0553 20.0458 20.1109 20.0829 20.017 19.9822 19.9893 19.9849 19.9831 19.9412 19.9559 19.9296 19.9842 19.9789 19.9375 19.8969 19.8858 19.8905 19.8777 19.8807 19.894 19.917 19.8798 19.9109 19.8894 19.8855 19.9369 19.8373 19.8209 19.8166 19.8054 19.7899 19.7725 19.7637 19.7544 19.7419 19.7331 19.7264 19.7198 19.7154 19.7112 19.7094 19.7085 19.7043 19.7007 19.6969 19.6942 19.6923 19.692 19.6926 19.693 19.6929 19.6927 19.6923 19.6928 19.6934
20.4432 20.4011 20.406 20.3439 20.3207 20.3442 20.3655 20.2523 20.2981 20.1491 20.0924 20.1001 20.1125 20.0459 20.0261 20.0854 19.9787 19.9594 19.9553 19.9657 19.9249 19.9475 19.9159 19.9738 19.9577 19.8935 19.8804 19.8686 19.8686 19.8556 19.8684 19.8514 19.8642 19.8665 19.8678 19.8455 19.9107 19.8391 19.8113 19.7998 19.7932 19.7862 19.7757 19.77 19.7584 19.7487 19.7354 19.733 19.7271 19.7221 19.7171 19.7243 19.7023 19.6995 19.6955 19.6913 19.6878 19.6844 19.6827 19.6821 19.682 19.6824 19.6822 19.6812 19.6805 19.6806 19.6799
-9999.0 -9999.0 20.3559 20.3363 20.4025 20.3884 20.3659 20.2737 20.2074 20.1541 20.1163 20.0763 20.0615 20.0398 20.0318 20.036 20.0089 19.9591 19.941 19.9756 19.9467 19.9128 19.9195 19.9251 19.9292 20.0072 19.8894 19.861 19.8546 19.8509 19.8547 19.8313 19.8365 19.8625 19.88 19.8696 19.8356 19.8114 19.8008 19.7947 19.787 19.7786 19.7673 19.7528 19.744 19.7351 19.7309 19.7235 19.7184 19.7158 19.7091 19.6966 19.6922 19.6901 19.6887 19.7151 19.6842 19.6765 19.6739 19.6728 19.6717 19.6717 19.6711 19.6686 19.6678 19.6669 19.6675
-9999.0 -9999.0 -9999.0 -9999.0 -9999.0 -9999.0 20.2708 20.2365 20.2696 20.2032 20.2187 20.1061 20.0747 20.046 20.0541 20.0059 20.0468 20.0166 20.0303 19.9444 19.9843 19.9265 19.9034 19.9532 19.9204 19.9025 19.9157 19.9427 19.9099 19.9049 19.8328 19.8584 19.8578 19.8857 19.9071 19.9007 19.8298 19.8142 19.8081 19.7807 19.7679 19.7612 19.7571 19.7502 19.7462 19.7267 19.7222 19.7153 19.7074 19.7003 19.6937 19.6883 19.6863 19.7022 19.7103 19.7109 19.6908 19.6956 19.666 19.664 19.6623 19.6612 19.6588 19.6567 19.6557 19.6552 19.657
-9999.0 -9999.0 -9999.0 -9999.0 -9999.0 -9999.0 -9999.0 -9999.0 -9999.0 20.1726 20.1864 20.2292 20.0994 20.0953 20.054 20.0632 20.0386 20.0092 19.973 19.9499 19.9444 19.9183 19.9055 19.9082 19.903 19.8894 19.879 19.9206 19.8718 19.9043 19.8365 19.9261 19.8983 19.9147 19.8509 19.905 19.946 19.8372 19.7933 19.7758 19.759 19.7485 19.7433 19.7353 19.7281 19.7198 19.7132 19.707 19.7012 19.6933 19.6902 19.6827 19.6766 19.6737 19.6705 19.6692 19.6641 19.6602 19.6566 19.6545 19.6536 19.6507 19.6485 19.6462 19.6452 19.6444 19.6441
-9999.0 -9999.0 -9999.0 -9999.0 -9999.0 -9999.0 -9999.0 -9999.0 -9999.0 -9999.0 -9999.0 20.1226 20.1052 20.1056 20.0892 20.1003 20.0738 20.0392 20.0145 19.9902 20.0284 19.9765 19.9195 19.8998 19.8655 19.874 19.9401 19.9061 19.8606 19.8425 19.9083 19.8549 19.8919 19.8674 19.8775 19.862 20.0666 19.8886 19.8063 19.7972 19.7555 19.7488 19.7349 19.7277 19.7203 19.7155 19.7114 19.707 19.6954 19.6881 19.6798 19.6734 19.6669 19.6624 19.6589 19.6561 19.6535 19.65 19.6487 19.6469 19.649 19.6438 19.64 19.6374 19.6365 19.6356 19.6368
-9999.0 -9999.0 -9999.0 -9999.0 -9999.0 -9999.0 -9999.0 -9999.0 -9999.0 -9999.0 -9999.0 -9999.0 -9999.0 20.1536 20.1221 20.1058 20.108 20.0667 20.0436 19.9866 20.0279 19.937 19.9106 19.9987 19.9668 19.9008 19.9606 19.8604 19.8696 19.836 19.848 19.9467 19.8874 19.7976 19.8779 19.8615 19.9193 19.9514 19.8758 19.8498 19.7778 19.75 19.739 19.7316 19.7217 19.7149 19.7162 19.7006 19.6885 19.6904 19.6804 19.6642 19.6585 19.6641 19.6667 19.6512 19.6481 19.6461 19.6507 19.6517 19.6526 19.6568 19.6328 19.6311 19.6293 19.6296 19.6339
-9999.0 -9999.0 -9999.0 -9999.0 -9999.0 -9999.0 -9999.0 -9999.0 -9999.0 -9999.0 -9999.0 -9999.0 -9999.0 -9999.0 20.1646 20.1238 20.1264 20.0947 20.0421 20.0318 19.9853 20.1134 19.9447 20.0192 19.8913 19.8704 19.9084 19.9847 19.864 19.87 19.9227 19.8791 19.906 19.9083 19.9118 19.7666 19.8127 19.8696 19.8653 19.849 19.7743 19.7517 19.7399 19.7219 19.7175 19.7082 19.6965 19.7081 19.689 19.6752 19.6656 19.6562 19.6521 19.6527 19.6605 19.6451 19.6437 19.6494 19.6529 19.645 19.6368 19.6319 19.6259 19.6258 19.6303 19.6255 19.6252
-9999.0 -9999.0 -9999.0 -9999.0 -9999.0 -9999.0 -9999.0 -9999.0 -9999.0 -9999.0 -9999.0 -9999.0 -9999.0 -9999.0 -9999.0 20.0841 20.1157 20.1051 20.0809 20.0522 20.0325 19.9749 19.9578 19.9495 19.8969 19.9282 19.8511 19.8469 19.8612 19.8528 19.7967 19.8401 19.8634 19.877 19.8538 19.7737 19.7518 19.8203 19.807 19.835 19.7563 19.7346 19.7249 19.7139 19.7003 19.695 19.6893 19.6992 19.6827 19.667 19.6582 19.6472 19.6479 19.6495 19.648 19.6427 19.647 19.6492 19.6321 19.6301 19.6285 19.6261 19.6236 19.6212 19.6189 19.6163 19.6149
-9999.0 -9999.0 -9999.0 -9999.0 -9999.0 -9999.0 -9999.0 -9999.0 -9999.0 -9999.0 -9999.0 -9999.0 -9999.0 -9999.0 -9999.0 -9999.0 20.08 20.0551 20.0922 20.0529 20.0491 20.0207 19.9676 19.9472 19.9257 19.9479 19.878 19.8409 19.8176 19.8365 19.8103 19.875 19.8357 19.8332 19.8144 19.7774 19.8203 19.7316 19.7652 19.7516 19.7564 19.7592 19.7068 19.699 19.6843 19.6784 19.6716 19.6655 19.6582 19.6566 19.648 19.6388 19.6431 19.643 19.6439 19.6425 19.6373 19.6315 19.6264 19.6267 19.6225 19.623 19.6285 19.6288 19.6115 19.6079 19.6063
-9999.0 -9999.0 -9999.0 -9999.0 -9999.0 -9999.0 -9999.0 -9999.0 -9999.0 -9999.0 -9999.0 -9999.0 -9999.0 -9999.0 -9999.0 -9999.0 -9999.0 20.0778 20.0668 20.0548 20.0312 20.0305 20.0046 19.9573 19.9305 19.961 19.9318 19.8719 19.8206 19.7998 19.7843 19.7759 19.7663 19.7522 19.8261 19.7753 19.7525 19.7708 19.7179 19.7623 19.7563 19.7184 19.7077 19.701 19.7063 19.6883 19.6812 19.6696 19.6519 19.6491 19.6413 19.6353 19.6342 19.6395 19.6428 19.6434 19.6389 19.6381 19.6353 19.6256 19.6181 19.622 19.6188 19.6116 19.6053 19.6042 19.6011
-9999.0 -9999.0 -9999.0 -9999.0 -9999.0 -9999.0 -9999.0 -9999.0 -9999.0 -9999.0 -9999.0 -9999.0 -9999.0 -9999.0 -9999.0 -9999.0 -9999.0 -9999.0 20.069 20.0627 20.0458 20.0086 20.0141 19.9974 19.9736 19.9284 19.8839 19.8471 19.8187 19.8164 19.7777 19.8128 19.7592 19.7479 19.7354 19.7348 19.7324 19.7227 19.7253 19.7091 19.7375 19.7555 19.7214 19.7247 19.7163 19.6942 19.6711 19.658 19.6502 19.6442 19.6474 19.6388 19.6397 19.6395 19.6466 19.6446 19.6461 19.6263 19.6227 19.6189 19.6138 19.6115 19.6053 19.602 19.5974 19.5969 19.5903
-9999.0 -9999.0 -9999.0 -9999.0 -9999.0 -9999.0 -9999.0 -9999.0 -9999.0 -9999.0 -9999.0 -9999.0 -9999.0 -9999.0 -9999.0 -9999.0 -9999.0 -9999.0 20.0682 20.0549 20.0382 20.0074 19.9925 19.9713 19.9924 19.956 19.8992 19.8705 19.8312 19.8192 19.8358 19.7604 19.7545 19.7661 19.7286 19.7507 19.7108 19.7042 19.7022 19.7003 19.6969 19.7019 19.7405 19.7936 19.7507 19.7146 19.6778 19.6831 19.6557 19.6535 19.6574 19.6512 19.6542 19.6674 19.6785 19.6617 19.6367 19.6239 19.6229 19.6097 19.6056 19.5998 19.5947 19.5897 19.5843 19.5804 19.5809
-9999.0 -9999.0 -9999.0 -9999.0 -9999.0 -9999.0 -9999.0 -9999.0 -9999.0 -9999.0 -9999.0 -9999.0 -9999.0 -9999.0 -9999.0 -9999.0 -9999.0 -9999.0 -9999.0 20.0477 20.0216 20.0051 19.983 -9999.0 19.9507 20.0056 19.9261 19.8813 19.8293 19.8022 19.856 19.7631 19.7591 19.7408 19.7244 19.7157 19.7133 19.6986 19.6936 19.6903 19.6866 19.6877 19.6915 19.6948 19.7372 19.7888 19.8212 19.7401 19.6678 19.6945 19.7006 19.6866 19.6674 19.6661 19.648 19.6422 19.6196 19.6135 19.6105 19.602 19.5964 19.5885 19.583 19.5778 19.5713 19.5703 19.5679
-9999.0 -9999.0 -9999.0 -9999.0 -9999.0 -9999.0 -9999.0 -9999.0 -9999.0 -9999.0 -9999.0 -9999.0 -9999.0 -9999.0 -9999.0 -9999.0 -9999.0 -9999.0 -9999.0 20.0377 19.9687 19.9508 19.9721 -9999.0 19.9462 19.9743 19.9637 19.9344 19.8594 19.8181 19.8017 19.7797 19.747 19.7392 19.7255 19.7159 19.71 19.7164 19.6965 19.6854 19.6776 19.6956 19.6995 19.7585 19.6793 19.8185 19.8207 19.769 19.7668 19.726 19.674 19.6685 19.6762 19.6599 19.6477 19.6411 19.6202 19.6151 19.6004 19.5905 19.59 19.578 19.571 19.5663 19.564 19.5631 19.5626
-9999.0 -9999.0 -9999.0 -9999.0 -9999.0 -9999.0 -9999.0 -9999.0 -9999.0 -9999.0 -9999.0 -9999.0 -9999.0 -9999.0 -9999.0 -9999.0 -9999.0 -9999.0 -9999.0 -9999.0 20.0075 19.9392 19.9569 -9999.0 -9999.0 19.9359 19.981 19.995 19.9368 19.9257 19.8146 19.7971 19.7605 19.7388 19.7228 19.7152 19.7124 19.7 19.689 19.6986 19.6755 19.6847 19.7432 19.7249 19.7931 19.8343 19.7499 19.7363 19.7818 19.7573 19.6961 19.6916 19.6735 19.6724 19.6536 19.6403 19.6267 19.6135 19.6 19.5895 19.5817 19.5721 19.5655 19.5607 19.5576 19.5571 19.5535
-9999.0 -9999.0 -9999.0 -9999.0 -9999.0 -9999.0 -9999.0 -9999.0 -9999.0 -9999.0 -9999.0 -9999.0 -9999.0 -9999.0 -9999.0 -9999.0 -9999.0 -9999.0 -9999.0 -9999.0 -9999.0 19.9822 19.9387 19.9496 -9999.0 -9999.0 -9999.0 19.9337 19.9889 19.9718 19.8472 19.8042 19.8259 19.7608 19.8078 19.7516 19.7605 19.7146 19.6971 19.703 19.6868 19.682 19.6849 19.7582 19.734 19.6829 19.7566 19.6863 19.7302 19.8306 19.8443 19.8096 19.7733 19.7025 19.6753 19.6393 19.6455 19.6122 19.5968 19.5855 19.5723 19.5636 19.558 19.5532 19.5482 19.5467 19.5442
-9999.0 -9999.0 -9999.0 -9999.0 -9999.0 -9999.0 -9999.0 -9999.0 -9999.0 -9999.0 -9999.0 -9999.0 -9999.0 -9999.0 -9999.0 -9999.0 -9999.0 -9999.0 -9999.0 -9999.0 -9999.0 -9999.0 19.9633 19.9476 19.9369 -9999.0 -9999.0 -9999.0 19.9336 19.9823 19.9533 19.8376 19.8233 19.8375 19.7311 19.7254 19.7129 19.692 19.6765 19.6755 19.6778 19.6555 19.6574 19.6709 19.6742 19.656 19.7438 19.6533 19.774 19.645 19.7527 19.8626 19.7543 19.7438 19.6987 19.6648 19.6279 19.6027 19.5906 19.573 19.5627 19.5564 19.5509 19.545 19.5405 19.5372 19.5359
-9999.0 -9999.0 -9999.0 -9999.0 -9999.0 -9999.0 -9999.0 -9999.0 -9999.0 -9999.0 -9999.0 -9999.0 -9999.0 -9999.0 -9999.0 -9999.0 -9999.0 -9999.0 -9999.0 -9999.0 -9999.0 -9999.0 -9999.0 19.9476 19.9377 -9999.0 -9999.0 -9999.0 -9999.0 19.908 19.9176 19.8502 19.7835 19.8188 19.8001 19.8964 19.8286 19.7186 19.6922 19.6933 19.6684 19.6525 19.6559 19.6465 19.6664 19.6424 19.6586 19.6561 19.7391 19.7181 19.6618 19.7952 19.7491 19.9357 19.805 19.6822 19.6335 19.5892 19.5683 19.5544 19.5482 19.5451 19.5399 19.5348 19.5318 19.5292 19.5262
-9999.0 -9999.0 -9999.0 -9999.0 -9999.0 -9999.0 -9999.0 -9999.0 -9999.0 -9999.0 -9999.0 -9999.0 -9999.0 -9999.0 -9999.0 -9999.0 -9999.0 -9999.0 -9999.0 -9999.0 -9999.0 -9999.0 -9999.0 -9999.0 -9999.0 -9999.0 -9999.0 -9999.0 -9999.0 19.9037 19.8809 19.8319 19.8204 19.7779 19.7722 19.7971 19.7801 19.8292 19.7725 19.8998 19.729 19.7086 19.6921 19.6363 19.6423 19.6231 19.6455 19.6432 19.7214 19.6621 19.7532 19.7736 19.6238 19.8033 19.7017 19.7305 19.6225 19.5894 19.5593 19.5477 19.5427 19.5371 19.5314 19.5282 19.5257 19.5225 19.5202
-9999.0 -9999.0 -9999.0 -9999.0 -9999.0 -9999.0 -9999.0 -9999.0 -9999.0 -9999.0 -9999.0 -9999.0 -9999.0 -9999.0 -9999.0 -9999.0 -9999.0 -9999.0 -9999.0 -9999.0 -9999.0 -9999.0 -9999.0 -9999.0 -9999.0 -9999.0 -9999.0 -9999.0 -9999.0 19.8695 19.8266 19.8233 19.8108 19.7912 19.7689 19.7316 19.7211 19.7247 19.7838 19.7609 19.7638 19.8087 19.7154 19.641 19.6338 19.6176 19.6214 19.6102 19.6216 19.749 19.7852 19.7713 19.7962 19.586 19.7253 19.7078 19.6729 19.5862 19.5523 19.5465 19.537 19.5312 19.5272 19.5244 19.5214 19.519 19.5161
-9999.0 -9999.0 -9999.0 -9999.0 -9999.0 -9999.0 -9999.0 -9999.0 -9999.0 -9999.0 -9999.0 -9999.0 -9999.0 -9999.0 -9999.0 -9999.0 -9999.0 -9999.0 -9999.0 -9999.0 -9999.0 -9999.0 -9999.0 -9999.0 -9999.0 -9999.0 -9999.0 -9999.0 -9999.0 19.8934 19.8723 19.8276 19.7926 19.7831 19.7665 19.7802 19.7633 19.7033 19.7129 19.7487 19.794 19.7232 19.6416 19.6894 19.6289 19.6156 19.6373 19.6279 19.6585 19.6938 19.6364 19.8065 19.6577 19.699 19.5733 19.7244 19.7392 19.608 19.5489 19.5387 19.533 19.5275 19.5241 19.5211 19.5183 19.5153 19.5125
-9999.0 -9999.0 -9999.0 -9999.0 -9999.0 -9999.0 -9999.0 -9999.0 -9999.0 -9999.0 -9999.0 -9999.0 -9999.0 -9999.0 -9999.0 -9999.0 -9999.0 -9999.0 -9999.0 -9999.0 -9999.0 -9999.0 -9999.0 -9999.0 -9999.0 -9999.0 -9999.0 -9999.0 -9999.0 -9999.0 -9999.0 19.8431 19.8586 19.7797 19.7768 19.7166 19.7645 19.7536 19.749 19.7459 19.6925 19.7201 19.6425 19.6605 19.6324 19.6563 19.6112 19.6116 19.644 19.6333 19.6115 19.6544 19.653 19.6096 19.557 19.5906 19.588 19.5755 19.5452 19.5357 19.5301 19.5259 19.522 19.5186 19.5205 19.5457 19.5187
-9999.0 -9999.0 -9999.0 -9999.0 -9999.0 -9999.0 -9999.0 -9999.0 -9999.0 -9999.0 -9999.0 -9999.0 -9999.0 -9999.0 -9999.0 -9999.0 -9999.0 -9999.0 -9999.0 -9999.0 -9999.0 -9999.0 -9999.0 -9999.0 -9999.0 -9999.0 -9999.0 -9999.0 -9999.0 -9999.0 -9999.0 -9999.0 19.8213 19.8064 19.8063 19.7541 19.6985 19.6857 19.7462 19.7347 19.7239 19.7195 19.6584 19.6317 19.6647 19.6512 19.6069 19.6329 19.5975 19.5895 19.5872 19.5891 19.5863 19.5639 19.6047 19.5501 19.6555 19.6697 19.5657 19.544 19.54 19.5282 19.5214 19.5169 19.5157 19.5115 19.5095
