setup_data/66098_caitjcampbell_JJA_NoAm_Map_1980_2009/66098_caitjcampbell_JJA_NoAm_Map_1980_2009/stdreg.asc
ncols 291
nrows 150
xllcorner -176.5
yllcorner 3.9000015258789062
cellsize 0.5
NODATA_value -9999
[rows 90 to 119 of 150, columns 134 to 200 of 291]
19.6457 19.6111 19.6279 19.5901 19.543 19.5468 19.5461 19.5466 19.5296 19.5164 19.5104 19.4976 19.4886 19.4891 19.4879 19.487 19.4835 19.4941 19.5026 19.5137 19.5094 19.5141 19.5114 19.5084 19.5095 19.5023 19.4957 19.4982 19.5005 19.5004 19.4983 19.4975 19.4974 19.5047 19.5003 19.5032 19.5101 19.5063 19.499 19.4915 19.4826 19.4956 19.4909 19.4801 19.4837 19.472 19.475 19.4733 19.4621 19.4748 19.4767 19.4831 19.4935 19.4982 19.5041 19.4914 19.494 19.4982 19.5038 19.5073 19.5114 19.5153 19.5171 19.5204 -9999.0 -9999.0 -9999.0
19.574 19.5531 19.5678 19.5725 19.548 19.557 19.5457 19.6061 19.5328 19.5224 19.5223 19.5047 19.497 19.4977 19.4984 19.4996 19.5106 19.5106 19.514 19.5133 19.5094 19.5141 19.5056 19.5225 19.5218 19.5201 19.5133 19.511 19.5056 19.5073 19.5021 19.5044 19.5009 19.5035 19.5109 19.5084 19.5123 19.5104 19.5016 19.4873 19.481 19.4913 19.4941 19.485 19.4797 19.4787 19.4706 19.4658 19.4742 19.476 19.4798 19.4946 19.4972 19.4961 19.4957 19.5019 19.499 19.503 19.5057 19.509 19.5141 -9999.0 -9999.0 -9999.0 -9999.0 -9999.0 -9999.0
19.576 19.5585 19.555 19.5628 19.5605 19.544 19.5518 19.5784 19.5442 19.5277 19.5376 19.5197 19.5106 19.5135 19.5175 19.5169 19.5219 19.5132 19.5188 19.5172 19.5179 19.502 19.5256 19.5141 19.5383 19.5432 19.5354 19.5284 19.5199 19.5172 19.513 19.5104 19.5011 19.5064 19.512 19.5112 19.5114 19.5086 19.504 19.4907 19.4812 19.4854 19.4978 19.4973 19.4956 19.4913 19.4876 19.4796 19.4777 19.4767 19.4868 19.4939 19.4975 19.4981 19.4995 19.4993 19.5014 19.5073 19.5097 19.5102 -9999.0 -9999.0 -9999.0 -9999.0 -9999.0 -9999.0 -9999.0
19.5849 19.5791 19.5701 19.5674 19.5652 19.5605 19.5512 19.5477 19.5376 19.5437 19.5461 19.5356 19.5291 19.5284 19.5334 19.5348 19.5304 19.529 19.5149 19.5159 19.5066 19.5118 19.5099 19.5364 19.5448 19.5569 19.5563 19.5372 19.5318 19.5171 19.5199 19.5096 19.5074 19.5045 19.5065 19.5086 19.5096 19.5008 19.4971 19.486 19.4818 19.486 19.4891 19.4863 19.4951 19.4907 19.488 19.4822 19.4889 19.4837 19.4851 19.4921 19.494 19.4989 19.5008 19.5004 19.505 19.5099 19.5087 -9999.0 -9999.0 -9999.0 -9999.0 -9999.0 -9999.0 -9999.0 -9999.0
19.5674 19.5819 19.5774 19.5819 19.5829 19.5777 19.5785 19.5511 19.5508 19.5394 19.5466 19.5609 19.5602 19.556 19.5509 19.5432 19.5333 19.5425 19.5426 19.534 19.5276 19.5216 19.5283 19.5386 19.5686 19.562 19.5532 19.5536 19.5364 19.5185 19.5117 19.5114 19.507 19.5069 19.5018 19.5061 19.4952 19.4938 19.4873 19.4829 19.4872 19.4886 19.4892 19.4873 19.4807 19.4854 19.4824 19.4836 19.4838 19.488 19.4895 19.4869 19.4912 19.4927 19.4975 19.503 19.5057 -9999.0 -9999.0 -9999.0 -9999.0 -9999.0 -9999.0 -9999.0 -9999.0 -9999.0 -9999.0
19.5755 19.5712 19.5767 19.5878 19.5917 19.5868 19.5736 19.5744 19.5475 19.548 19.5411 19.5628 19.5697 19.5718 19.5677 19.5543 19.5459 19.5489 19.5417 19.5343 19.5362 19.5357 19.5434 19.5554 19.5683 19.5736 19.5597 19.5555 19.531 19.5226 19.5164 19.5061 19.504 19.5014 19.5049 19.5033 19.4919 19.4891 19.4855 19.4904 19.487 19.4897 19.4874 19.4943 19.4968 19.4936 19.4924 19.4889 19.4905 19.493 19.4922 19.4903 19.4933 19.4962 19.5004 19.5045 19.5063 -9999.0 -9999.0 -9999.0 -9999.0 -9999.0 -9999.0 -9999.0 -9999.0 -9999.0 -9999.0
19.5746 19.5825 19.5671 19.58 19.5839 19.5854 19.5769 19.5599 19.5653 19.5499 19.5637 19.5304 19.5435 19.5491 19.5661 19.5726 19.5639 19.5572 19.5434 19.542 19.558 19.5438 19.565 19.5606 19.5865 19.5814 19.568 19.5419 19.5248 19.5127 19.5106 19.5113 19.5079 19.506 19.5067 19.5012 19.4985 19.4974 19.495 19.4952 19.4948 19.4996 19.5038 19.5098 19.5201 19.516 19.5143 19.507 19.4942 19.4925 19.5064 19.5002 19.4993 19.5058 19.5074 19.5073 19.5084 -9999.0 -9999.0 -9999.0 -9999.0 -9999.0 -9999.0 -9999.0 -9999.0 -9999.0 -9999.0
19.5665 19.5975 19.6051 19.5657 19.5736 19.5735 19.565 19.5653 19.5626 19.5689 19.536 19.53 19.529 19.5373 19.5742 19.5891 19.5824 19.5725 19.5514 19.5449 19.5418 19.5299 19.5362 19.5766 19.5841 19.5745 19.565 19.5449 19.5292 19.516 19.5143 19.5128 19.5113 19.5093 19.5067 19.5095 19.5076 19.5041 19.5049 19.505 19.5059 19.5087 19.5082 19.5071 19.5052 19.504 19.5047 19.5268 19.5142 19.527 19.5383 19.5167 19.5154 19.5228 19.5191 19.5164 19.5112 -9999.0 -9999.0 -9999.0 -9999.0 -9999.0 -9999.0 -9999.0 -9999.0 -9999.0 -9999.0
19.5802 19.5552 19.6197 19.5885 19.6229 19.569 19.5544 19.5618 19.5581 19.588 19.5742 19.5516 19.5722 19.6075 19.5853 19.6049 19.6175 19.5935 19.5761 19.5695 19.5617 19.5498 19.5655 19.5869 19.5897 19.5724 19.5699 19.5543 19.5385 19.5277 19.5198 19.517 19.5148 19.5117 19.5137 19.5234 19.5223 19.5178 19.5123 19.5119 19.5079 -9999.0 -9999.0 -9999.0 -9999.0 -9999.0 -9999.0 -9999.0 19.5296 19.5333 19.5124 19.5128 19.5305 19.5373 19.5307 19.5245 19.5175 -9999.0 -9999.0 -9999.0 -9999.0 -9999.0 -9999.0 -9999.0 -9999.0 -9999.0 -9999.0
19.6064 19.5614 19.6758 19.652 19.5902 19.5978 19.5811 19.5668 19.5726 19.5775 19.5647 19.601 19.5909 19.559 19.5417 19.5635 19.6122 19.6349 19.6255 19.6261 19.619 19.599 19.5944 19.5864 19.5813 19.5815 19.5714 19.562 19.5544 19.5476 -9999.0 -9999.0 -9999.0 -9999.0 -9999.0 -9999.0 19.5107 19.5094 19.5204 19.5075 19.5082 -9999.0 -9999.0 -9999.0 -9999.0 -9999.0 -9999.0 -9999.0 -9999.0 -9999.0 -9999.0 -9999.0 19.5217 19.5519 19.5371 19.5263 19.5299 19.5177 -9999.0 -9999.0 -9999.0 -9999.0 -9999.0 -9999.0 -9999.0 -9999.0 -9999.0
19.5832 19.5711 19.6845 19.6101 19.6128 19.611 19.5458 19.5625 19.5676 19.5696 19.5606 19.5596 19.5871 19.5651 19.5627 19.5697 19.605 19.6322 19.6354 19.6451 19.6351 19.6182 19.6095 19.5916 19.5867 19.578 19.5737 19.5686 19.5663 -9999.0 -9999.0 -9999.0 -9999.0 -9999.0 -9999.0 -9999.0 -9999.0 -9999.0 -9999.0 -9999.0 -9999.0 -9999.0 -9999.0 -9999.0 -9999.0 -9999.0 -9999.0 -9999.0 -9999.0 -9999.0 -9999.0 -9999.0 -9999.0 19.5325 19.5596 19.5391 19.5373 19.5361 -9999.0 -9999.0 -9999.0 -9999.0 -9999.0 -9999.0 -9999.0 -9999.0 -9999.0
19.6007 19.6448 19.6609 19.7309 19.6259 19.6103 19.5481 19.5637 19.5682 19.5652 19.5659 19.5706 19.5857 19.572 19.5632 19.624 19.6296 19.6323 19.6583 19.6497 19.6499 19.6412 19.6181 19.6133 19.6043 19.5922 19.5969 -9999.0 -9999.0 -9999.0 -9999.0 -9999.0 -9999.0 -9999.0 -9999.0 -9999.0 -9999.0 -9999.0 -9999.0 -9999.0 -9999.0 -9999.0 -9999.0 -9999.0 -9999.0 -9999.0 -9999.0 -9999.0 -9999.0 -9999.0 -9999.0 -9999.0 -9999.0 19.5383 19.5483 19.5441 19.5416 19.532 -9999.0 -9999.0 -9999.0 -9999.0 -9999.0 -9999.0 -9999.0 -9999.0 -9999.0
19.6448 19.6042 19.6553 19.6683 19.6006 19.5902 19.5645 19.5588 19.5657 19.5653 19.5693 19.5784 19.5942 19.5932 19.5737 19.6092 19.6428 19.6686 19.675 19.6792 19.6544 19.622 19.6305 19.6323 19.6228 -9999.0 -9999.0 -9999.0 -9999.0 -9999.0 -9999.0 -9999.0 -9999.0 -9999.0 -9999.0 -9999.0 -9999.0 -9999.0 -9999.0 -9999.0 -9999.0 -9999.0 -9999.0 -9999.0 -9999.0 -9999.0 -9999.0 -9999.0 -9999.0 -9999.0 -9999.0 -9999.0 -9999.0 19.5339 19.536 19.5497 19.5466 19.5289 19.5261 -9999.0 -9999.0 -9999.0 -9999.0 -9999.0 -9999.0 -9999.0 -9999.0
19.6659 19.5948 19.6037 19.5772 19.6508 19.6132 19.5566 19.5595 19.556 19.5604 19.5799 19.5874 19.6072 19.6004 19.6212 19.6477 19.6564 19.6724 19.6767 19.6877 19.6686 19.6486 19.649 19.6495 19.6432 -9999.0 -9999.0 -9999.0 -9999.0 -9999.0 -9999.0 -9999.0 -9999.0 -9999.0 -9999.0 -9999.0 -9999.0 -9999.0 -9999.0 -9999.0 -9999.0 -9999.0 -9999.0 -9999.0 -9999.0 -9999.0 -9999.0 -9999.0 -9999.0 -9999.0 -9999.0 -9999.0 -9999.0 19.5272 19.5533 19.57 19.5596 19.5367 19.5201 -9999.0 -9999.0 -9999.0 -9999.0 -9999.0 -9999.0 -9999.0 -9999.0
19.7352 19.661 19.61 19.5928 19.5826 19.7244 19.5717 19.591 19.5491 19.5562 19.5815 19.599 19.6115 19.603 19.64 19.6032 19.5872 19.6329 19.6574 19.6918 19.694 19.6705 19.6852 19.6758 19.6488 -9999.0 -9999.0 -9999.0 -9999.0 -9999.0 -9999.0 -9999.0 -9999.0 -9999.0 -9999.0 -9999.0 -9999.0 -9999.0 -9999.0 -9999.0 -9999.0 -9999.0 -9999.0 -9999.0 -9999.0 -9999.0 -9999.0 -9999.0 -9999.0 -9999.0 -9999.0 -9999.0 -9999.0 -9999.0 19.5238 19.6234 19.598 19.5638 19.5394 -9999.0 -9999.0 19.5245 19.5251 19.5265 19.5282 -9999.0 -9999.0
19.7732 19.6933 19.6368 19.6141 19.6152 19.7167 19.8144 19.5691 19.5918 19.5586 19.5747 19.6053 19.6119 19.6105 19.5933 19.5914 19.6222 19.603 19.6234 19.6321 19.6878 19.7099 19.724 19.6901 19.6513 -9999.0 -9999.0 -9999.0 -9999.0 -9999.0 -9999.0 -9999.0 -9999.0 -9999.0 -9999.0 -9999.0 -9999.0 -9999.0 -9999.0 -9999.0 -9999.0 -9999.0 -9999.0 -9999.0 -9999.0 -9999.0 -9999.0 -9999.0 -9999.0 -9999.0 -9999.0 -9999.0 -9999.0 -9999.0 19.5212 19.6146 19.6169 19.5978 19.5771 -9999.0 -9999.0 -9999.0 -9999.0 -9999.0 19.5293 -9999.0 -9999.0
19.8358 19.7468 19.6917 19.6799 19.6284 19.6761 19.7247 19.6201 19.556 19.5812 19.5812 19.5896 19.6222 19.6261 19.5926 19.5786 19.5889 19.6006 19.5461 19.6295 19.6574 19.6729 19.7076 19.6898 19.6754 -9999.0 -9999.0 -9999.0 -9999.0 -9999.0 -9999.0 -9999.0 -9999.0 -9999.0 -9999.0 -9999.0 -9999.0 -9999.0 -9999.0 -9999.0 -9999.0 -9999.0 -9999.0 -9999.0 -9999.0 -9999.0 -9999.0 -9999.0 -9999.0 -9999.0 -9999.0 -9999.0 -9999.0 -9999.0 -9999.0 19.5215 19.5946 19.6063 19.5822 -9999.0 -9999.0 -9999.0 -9999.0 -9999.0 19.531 19.5329 -9999.0
19.7535 19.7222 19.7208 19.6848 19.6596 19.7101 19.7629 19.66 19.5868 19.5816 19.5684 19.5827 19.6949 19.6178 19.5755 19.5706 19.6473 19.573 19.5621 19.5734 19.6263 19.674 19.6734 19.6795 19.6378 -9999.0 -9999.0 -9999.0 -9999.0 -9999.0 -9999.0 -9999.0 -9999.0 -9999.0 -9999.0 -9999.0 -9999.0 -9999.0 -9999.0 -9999.0 -9999.0 -9999.0 -9999.0 -9999.0 -9999.0 -9999.0 -9999.0 -9999.0 -9999.0 -9999.0 -9999.0 -9999.0 -9999.0 -9999.0 -9999.0 -9999.0 19.5234 19.5617 19.5275 -9999.0 -9999.0 -9999.0 19.5298 -9999.0 19.5326 19.5345 19.5366
-9999.0 -9999.0 19.711 19.7234 19.6724 19.7009 19.645 19.6522 19.6221 19.578 19.621 19.5851 19.5739 19.5897 19.6009 19.5761 19.5649 19.5798 19.5771 19.5498 19.5867 19.5578 19.6552 19.6701 -9999.0 -9999.0 -9999.0 -9999.0 -9999.0 -9999.0 -9999.0 -9999.0 -9999.0 -9999.0 -9999.0 -9999.0 -9999.0 -9999.0 -9999.0 -9999.0 -9999.0 -9999.0 -9999.0 -9999.0 -9999.0 -9999.0 -9999.0 -9999.0 -9999.0 -9999.0 -9999.0 -9999.0 -9999.0 -9999.0 -9999.0 19.529 19.5265 -9999.0 -9999.0 -9999.0 -9999.0 -9999.0 19.5353 19.5325 -9999.0 -9999.0 19.5388
-9999.0 -9999.0 -9999.0 19.7052 19.7084 19.6961 19.6596 19.7379 19.6839 19.5766 19.5724 19.622 19.6041 19.6178 19.5916 19.5887 19.6032 19.5832 19.5561 19.5257 19.6017 19.6536 19.6654 19.6655 -9999.0 -9999.0 -9999.0 -9999.0 -9999.0 -9999.0 -9999.0 -9999.0 -9999.0 -9999.0 -9999.0 -9999.0 -9999.0 -9999.0 -9999.0 -9999.0 -9999.0 -9999.0 -9999.0 -9999.0 -9999.0 -9999.0 -9999.0 -9999.0 -9999.0 -9999.0 -9999.0 -9999.0 -9999.0 -9999.0 -9999.0 -9999.0 -9999.0 -9999.0 -9999.0 -9999.0 -9999.0 -9999.0 19.5326 19.5342 -9999.0 -9999.0 -9999.0
-9999.0 -9999.0 -9999.0 -9999.0 -9999.0 19.6863 19.6556 19.6625 19.684 19.6617 19.5951 19.6727 19.5825 19.5929 19.6087 19.6084 19.5952 19.5814 19.5483 19.7017 19.5517 19.663 19.6487 19.6485 -9999.0 -9999.0 -9999.0 -9999.0 -9999.0 -9999.0 -9999.0 -9999.0 -9999.0 -9999.0 -9999.0 -9999.0 -9999.0 -9999.0 -9999.0 -9999.0 -9999.0 -9999.0 -9999.0 -9999.0 -9999.0 -9999.0 -9999.0 -9999.0 -9999.0 -9999.0 -9999.0 -9999.0 -9999.0 -9999.0 -9999.0 -9999.0 -9999.0 -9999.0 -9999.0 -9999.0 -9999.0 -9999.0 -9999.0 19.5362 -9999.0 -9999.0 19.5433
19.799 -9999.0 -9999.0 -9999.0 -9999.0 19.7144 19.6908 19.6448 19.579 19.5632 19.6357 19.6526 19.5945 19.5911 19.5854 19.6059 19.6122 19.5778 19.5608 19.5705 19.5324 19.601 19.5684 19.6105 -9999.0 -9999.0 -9999.0 -9999.0 -9999.0 -9999.0 -9999.0 -9999.0 -9999.0 -9999.0 -9999.0 -9999.0 -9999.0 -9999.0 -9999.0 -9999.0 -9999.0 -9999.0 -9999.0 -9999.0 -9999.0 -9999.0 -9999.0 -9999.0 -9999.0 -9999.0 -9999.0 -9999.0 -9999.0 -9999.0 19.5269 19.5262 19.5317 19.532 -9999.0 -9999.0 -9999.0 -9999.0 -9999.0 -9999.0 -9999.0 -9999.0 -9999.0
-9999.0 -9999.0 -9999.0 -9999.0 -9999.0 -9999.0 -9999.0 19.7017 19.6727 19.6915 19.6596 19.595 19.653 19.6352 19.5974 19.6 19.6055 19.5907 19.5612 19.5367 19.5753 19.5954 19.6044 19.5971 -9999.0 -9999.0 -9999.0 -9999.0 -9999.0 -9999.0 -9999.0 -9999.0 -9999.0 -9999.0 -9999.0 -9999.0 -9999.0 -9999.0 -9999.0 -9999.0 -9999.0 -9999.0 -9999.0 -9999.0 -9999.0 -9999.0 -9999.0 -9999.0 -9999.0 -9999.0 19.5328 19.5803 19.5307 19.5388 19.556 19.5618 19.5331 19.5424 19.5307 19.5386 19.5357 -9999.0 19.5383 -9999.0 -9999.0 -9999.0 -9999.0
-9999.0 -9999.0 -9999.0 -9999.0 -9999.0 -9999.0 -9999.0 19.7931 19.9062 19.8189 19.5839 19.5582 19.564 19.5938 19.5742 19.6083 19.6453 19.616 19.5643 19.5409 19.639 19.6274 19.5988 19.596 -9999.0 -9999.0 -9999.0 -9999.0 -9999.0 -9999.0 -9999.0 -9999.0 -9999.0 -9999.0 -9999.0 -9999.0 -9999.0 -9999.0 -9999.0 -9999.0 -9999.0 -9999.0 -9999.0 -9999.0 -9999.0 -9999.0 -9999.0 -9999.0 -9999.0 -9999.0 19.5318 19.5495 19.535 -9999.0 19.5358 19.5373 19.5353 19.5454 19.5307 19.5238 19.526 19.5419 19.5494 19.5427 -9999.0 19.5487 -9999.0
-9999.0 -9999.0 -9999.0 -9999.0 -9999.0 19.731 -9999.0 19.8182 19.9014 19.7811 19.675 19.6044 19.6527 19.6329 19.5785 19.6363 19.6153 19.5901 19.5644 19.5142 19.6124 19.7026 19.6093 19.5965 -9999.0 -9999.0 -9999.0 -9999.0 -9999.0 -9999.0 -9999.0 -9999.0 -9999.0 -9999.0 -9999.0 -9999.0 -9999.0 -9999.0 -9999.0 -9999.0 -9999.0 -9999.0 19.5668 19.557 19.5496 -9999.0 -9999.0 -9999.0 -9999.0 19.538 19.5375 -9999.0 19.5375 19.5461 -9999.0 -9999.0 19.5396 19.5394 19.5401 19.5419 19.5535 19.5399 19.5314 19.5354 19.5484 -9999.0 -9999.0
-9999.0 -9999.0 -9999.0 -9999.0 -9999.0 -9999.0 19.7408 -9999.0 19.9291 19.6703 19.6152 19.6454 19.583 19.5934 19.5796 19.5651 19.6779 19.5742 19.5837 19.6148 19.5171 19.5985 19.6058 19.583 19.6316 -9999.0 -9999.0 -9999.0 -9999.0 -9999.0 -9999.0 -9999.0 -9999.0 -9999.0 -9999.0 -9999.0 -9999.0 -9999.0 19.5754 19.6296 19.5657 19.55 19.5445 19.5442 19.5431 19.5443 -9999.0 -9999.0 -9999.0 -9999.0 -9999.0 -9999.0 19.5401 -9999.0 -9999.0 -9999.0 -9999.0 -9999.0 -9999.0 -9999.0 -9999.0 19.5468 19.5563 19.5305 19.5675 19.6133 19.6329
-9999.0 -9999.0 -9999.0 -9999.0 -9999.0 -9999.0 -9999.0 -9999.0 19.826 19.8581 19.6437 19.6629 19.6849 19.6429 19.6517 19.5795 19.5504 19.5609 19.5573 19.5604 19.6084 19.5991 19.8196 19.664 19.5982 -9999.0 -9999.0 -9999.0 -9999.0 -9999.0 -9999.0 -9999.0 -9999.0 -9999.0 -9999.0 -9999.0 -9999.0 -9999.0 19.5653 19.5533 19.5513 19.5515 19.5476 19.5445 19.5452 19.5475 -9999.0 -9999.0 -9999.0 -9999.0 -9999.0 -9999.0 -9999.0 -9999.0 -9999.0 -9999.0 -9999.0 -9999.0 -9999.0 -9999.0 -9999.0 -9999.0 19.5524 19.5482 19.5522 19.5608 19.5826
-9999.0 -9999.0 -9999.0 -9999.0 -9999.0 -9999.0 -9999.0 19.7365 19.9063 19.6425 19.6023 19.6732 19.6099 19.5853 19.6383 19.5659 19.5643 19.5667 19.6743 19.6479 19.5718 19.679 19.9045 19.9962 19.5854 19.6244 -9999.0 -9999.0 -9999.0 -9999.0 -9999.0 -9999.0 -9999.0 -9999.0 -9999.0 -9999.0 -9999.0 -9999.0 19.5655 19.5469 19.5502 19.5505 19.5485 19.5484 19.5518 19.5495 -9999.0 -9999.0 -9999.0 -9999.0 -9999.0 -9999.0 -9999.0 -9999.0 -9999.0 -9999.0 -9999.0 -9999.0 -9999.0 -9999.0 -9999.0 -9999.0 -9999.0 19.56 19.5682 19.5084 19.5139
-9999.0 -9999.0 -9999.0 -9999.0 -9999.0 -9999.0 -9999.0 -9999.0 19.7165 19.8209 19.5859 19.5802 19.5725 19.5594 19.6937 19.7321 19.6091 19.7698 19.8905 19.6929 19.6182 19.6653 19.6689 19.6406 19.7561 19.6167 19.7295 -9999.0 -9999.0 -9999.0 -9999.0 -9999.0 -9999.0 -9999.0 -9999.0 -9999.0 -9999.0 19.567 19.565 19.5466 19.5483 19.5532 19.5537 19.5553 -9999.0 -9999.0 -9999.0 -9999.0 -9999.0 -9999.0 -9999.0 -9999.0 -9999.0 -9999.0 -9999.0 -9999.0 -9999.0 -9999.0 -9999.0 -9999.0 -9999.0 -9999.0 -9999.0 19.5673 19.5744 19.5703 19.5674
-9999.0 -9999.0 -9999.0 -9999.0 -9999.0 -9999.0 -9999.0 -9999.0 19.7201 19.7183 19.653 19.6694 19.6675 19.634 19.6818 19.7833 19.6973 19.6493 19.7922 20.0404 20.018 19.787 19.6701 19.6121 19.6463 19.6931 19.7162 -9999.0 -9999.0 -9999.0 -9999.0 -9999.0 -9999.0 -9999.0 -9999.0 -9999.0 19.5734 19.5985 19.5701 19.5432 19.5516 19.5613 19.5564 19.5589 -9999.0 -9999.0 -9999.0 -9999.0 -9999.0 -9999.0 -9999.0 -9999.0 -9999.0 -9999.0 -9999.0 -9999.0 19.5604 -9999.0 -9999.0 -9999.0 -9999.0 -9999.0 -9999.0 -9999.0 -9999.0 -9999.0 -9999.0
